63
Siphonalia_cassidariaeformis 0.0000000 0.3152837 0.3544047 0.3820871 0.2849047 0.2991809 0.2912041 0.2993856 0.3074343 0.2672662 0.2298289 0.2419488 0.2333891 0.2253737 0.1795773 0.2453503 0.2120336 0.4182354 0.3244168 0.3676975 0.3495182 0.2290823 0.2516341 0.2917270 0.2443617 0.3358505 0.3510189 0.3272969 0.3127322 0.3183857 0.3065584 0.3350428 0.2348608 0.2453446 0.2507345 0.2426635 0.2480417 0.1728062 0.2697043 0.2391549 0.2298216 0.2361123 0.2555030 0.2396717 0.2383713 0.2375312 0.2677409 0.2239154 0.2619370 0.2215956 0.2554782 0.2100333 0.2138410 0.2659825 0.2090380 0.2022338 0.2276286 0.2741640 0.2656730 0.2139007 0.2097524 0.2071581 0.2110804 
Cantharus_multangulus        0.3152837 0.0000000 0.3251788 0.3034139 0.2305770 0.2398258 0.2577377 0.2036089 0.2976232 0.2156607 0.2489561 0.2705430 0.1969105 0.1923082 0.1866478 0.1821379 0.1854537 0.3769960 0.2834885 0.3327011 0.3246205 0.2107940 0.2550635 0.2439139 0.2250925 0.3209172 0.3583756 0.3055396 0.2454900 0.2653344 0.2535824 0.2545824 0.2124528 0.2462753 0.2539588 0.2359144 0.2413398 0.2764216 0.2539589 0.2251455 0.2332692 0.2127340 0.2585874 0.2087159 0.2442186 0.2295578 0.2688770 0.2408087 0.2497912 0.2090220 0.2316658 0.1968091 0.2225992 0.2240958 0.1612208 0.1991558 0.1942285 0.2568018 0.2615130 0.1844483 0.1785924 0.2109119 0.2148635 
Melongena_melongena          0.3544047 0.3251788 0.0000000 0.0499418 0.3110389 0.3273602 0.3488421 0.2553447 0.2987655 0.2548602 0.2328400 0.2544011 0.2643113 0.2263027 0.2157332 0.2352137 0.2239310 0.3538128 0.3238860 0.3049746 0.2953060 0.3180118 0.2964805 0.2783335 0.2545384 0.3225071 0.3265729 0.2854968 0.2773150 0.3705195 0.3485526 0.2876593 0.3099950 0.2831259 0.3036198 0.2722919 0.2818313 0.2955840 0.2917653 0.2937001 0.2666400 0.2178758 0.2050737 0.2477651 0.2637511 0.2645671 0.2745241 0.2338093 0.2885137 0.2373766 0.2239463 0.2098257 0.2330948 0.3060363 0.2007893 0.1802434 0.1813661 0.2640585 0.2174184 0.1736954 0.1827514 0.2069790 0.2110905 
Melongena_patula             0.3820871 0.3034139 0.0499418 0.0000000 0.3016973 0.2993280 0.3164608 0.2388949 0.2562797 0.2287180 0.2052634 0.2362451 0.2519529 0.2001211 0.1872798 0.2155315 0.2045584 0.3398912 0.2844320 0.2773276 0.2717540 0.2832779 0.2812996 0.2592728 0.2344570 0.2922951 0.3086857 0.2537079 0.2531516 0.3359039 0.3424725 0.2663161 0.2819241 0.2557428 0.2751927 0.2486837 0.2543090 0.2735785 0.2803252 0.2585239 0.2444268 0.2109222 0.2079205 0.2302157 0.2475664 0.2429089 0.2643265 0.2172855 0.2831413 0.2398878 0.2156302 0.2004918 0.2034910 0.2987951 0.1874995 0.1767444 0.1866644 0.2432121 0.2327359 0.1793356 0.1796257 0.2030424 0.2136694 
Aristofusus_excavatus        0.2849047 0.2305770 0.3110389 0.3016973 0.0000000 0.0670593 0.0798238 0.1907245 0.3178198 0.1741619 0.2870092 0.2390706 0.1738181 0.1848745 0.1863908 0.2131217 0.2106068 0.4380741 0.2496183 0.2492766 0.2604829 0.2050523 0.1991462 0.1828659 0.1867669 0.3080777 0.2726560 0.3582773 0.2743577 0.3337754 0.2942643 0.3004206 0.2441789 0.2301650 0.2558636 0.2301473 0.2355833 0.2648683 0.3208987 0.2573791 0.2437284 0.2412561 0.2312224 0.2522070 0.2555873 0.2995087 0.2859728 0.2583357 0.2674330 0.2282382 0.2306215 0.2160877 0.2353768 0.2508635 0.1992409 0.2159072 0.2285538 0.2957722 0.2863444 0.2186107 0.2134083 0.2485177 0.2030997 
Fusinus_salisburyi           0.2991809 0.2398258 0.3273602 0.2993280 0.0670593 0.0000000 0.0504839 0.1882441 0.2828289 0.1495791 0.2845042 0.2569681 0.1805910 0.1826319 0.1871472 0.1809168 0.1685054 0.4143533 0.2526048 0.2650038 0.2749424 0.2080058 0.1937236 0.1878970 0.1779201 0.3156886 0.2845925 0.3574945 0.2967089 0.3464944 0.2727748 0.2676279 0.2087360 0.2091855 0.2234644 0.2089500 0.2142078 0.2490956 0.3090515 0.2579357 0.2342770 0.2373248 0.2373253 0.2487302 0.2372987 0.2583562 0.2823146 0.2498258 0.2647246 0.2296453 0.2162818 0.2021553 0.2238876 0.2514774 0.1897990 0.2175009 0.2376517 0.2976031 0.3117083 0.2039791 0.2012124 0.2159999 0.1891017 
Fusinus_forceps              0.2912041 0.2577377 0.3488421 0.3164608 0.0798238 0.0504839 0.0000000 0.1959546 0.2730010 0.1850443 0.2954361 0.2642895 0.2006464 0.2076418 0.1907633 0.1914785 0.1717116 0.4449789 0.2721090 0.2962036 0.2874632 0.1982473 0.2232660 0.2089685 0.2275751 0.3147259 0.3149715 0.3532467 0.3130159 0.3364738 0.2934662 0.3004347 0.2148820 0.2260346 0.2442531 0.2259735 0.2314480 0.2307283 0.3040961 0.2632678 0.2528008 0.2653436 0.2433546 0.2644307 0.2629970 0.2721473 0.3115215 0.2657411 0.3012222 0.2557083 0.2400989 0.2268212 0.2474915 0.2464820 0.2138743 0.2480117 0.2421179 0.3164241 0.3314701 0.2304833 0.2276391 0.2461045 0.2270791 
Engina_mendicaria            0.2993856 0.2036089 0.2553447 0.2388949 0.1907245 0.1882441 0.1959546 0.0000000 0.2206192 0.0904011 0.2165170 0.1969491 0.0525504 0.1593664 0.1494089 0.1603557 0.1481704 0.3270846 0.2437444 0.2617608 0.2673495 0.2133806 0.2091834 0.2025352 0.1931818 0.3227086 0.2913759 0.3033662 0.2345369 0.2590436 0.2434657 0.2427968 0.1787623 0.1815912 0.2063040 0.1758708 0.1888344 0.2223680 0.2134712 0.1953590 0.1696712 0.1731525 0.1834778 0.1848313 0.1717753 0.2223876 0.2540363 0.2535794 0.2115982 0.1849384 0.1898898 0.1719279 0.2189313 0.2160537 0.1824640 0.2100515 0.2117396 0.2564035 0.2966744 0.2031426 0.1944623 0.2225978 0.2126935 
Colubraria_obscura           0.3074343 0.2976232 0.2987655 0.2562797 0.3178198 0.2828289 0.2730010 0.2206192 0.0000000 0.2415489 0.2403468 0.2620043 0.1900290 0.1731256 0.1661079 0.1655451 0.1568184 0.3931969 0.3232485 0.3699332 0.3786251 0.2483948 0.2679422 0.2756770 0.2385323 0.3020159 0.3626486 0.2435150 0.2544001 0.2704195 0.2789480 0.2445353 0.2025262 0.2198592 0.2340772 0.2160331 0.2214139 0.2514009 0.1184985 0.2443570 0.2140404 0.1907093 0.2146010 0.2254580 0.2281161 0.2358875 0.2838124 0.2150876 0.2101394 0.1605339 0.1480624 0.1459353 0.2184261 0.2386626 0.1872833 0.2135059 0.2063451 0.2404746 0.2823494 0.2104380 0.2123398 0.2136240 0.2422696 
Pisania_pusio                0.2672662 0.2156607 0.2548602 0.2287180 0.1741619 0.1495791 0.1850443 0.0904011 0.2415489 0.0000000 0.1819732 0.1732705 0.0725142 0.1338113 0.1338841 0.1638470 0.1447109 0.3153566 0.2258605 0.2404714 0.2620663 0.1886241 0.2210441 0.2014491 0.1887472 0.3110352 0.2948886 0.3230138 0.2420023 0.2714162 0.2278421 0.2460827 0.1928579 0.1839550 0.1996075 0.1866179 0.1912942 0.2070553 0.2005058 0.1690062 0.1738591 0.1847171 0.1881244 0.1540887 0.1488363 0.1601736 0.2490458 0.2061121 0.2045379 0.1552541 0.1496262 0.1413363 0.1888737 0.2098665 0.1644370 0.1844054 0.1848255 0.2193666 0.2502179 0.1865400 0.1796135 0.1830121 0.1584816 
Antillophos_laevis           0.2298289 0.2489561 0.2328400 0.2052634 0.2870092 0.2845042 0.2954361 0.2165170 0.2403468 0.1819732 0.0000000 0.0579715 0.1768959 0.1258351 0.1197202 0.1623906 0.1379774 0.3851939 0.3178963 0.3368630 0.3047424 0.2272335 0.2222675 0.2254031 0.1915819 0.2975005 0.3296299 0.2683363 0.1741117 0.2366856 0.2471687 0.2218261 0.1809314 0.1748577 0.1905097 0.1685181 0.1731060 0.1614488 0.2010948 0.1760971 0.1420705 0.1753329 0.1864060 0.1521170 0.1330957 0.1707379 0.2230373 0.1354040 0.2035630 0.1443180 0.1529590 0.1233136 0.1490589 0.2163726 0.1174228 0.1473805 0.1557799 0.1915067 0.2106356 0.1245042 0.1246945 0.1467605 0.1498848 
Antillophos_beauii           0.2419488 0.2705430 0.2544011 0.2362451 0.2390706 0.2569681 0.2642895 0.1969491 0.2620043 0.1732705 0.0579715 0.0000000 0.1742595 0.1186354 0.1243580 0.1685920 0.1414444 0.3870620 0.3080696 0.2982733 0.2860833 0.2144144 0.1967230 0.1999514 0.1752275 0.3048182 0.3148069 0.2992424 0.1913028 0.2485280 0.2086890 0.1978918 0.1855564 0.1763337 0.1919905 0.1700082 0.1745943 0.1638667 0.1879751 0.1352461 0.1480396 0.1522907 0.1603104 0.1338636 0.1093031 0.2124143 0.2050528 0.1436506 0.1675774 0.1170124 0.1353765 0.1135381 0.1441777 0.1857275 0.1196911 0.1393231 0.1469519 0.1847854 0.1973069 0.1280457 0.1357681 0.1570748 0.1562658 
Pisania_striata              0.2333891 0.1969105 0.2643113 0.2519529 0.1738181 0.1805910 0.2006464 0.0525504 0.1900290 0.0725142 0.1768959 0.1742595 0.0000000 0.1330964 0.1083789 0.1327079 0.1251139 0.3033188 0.2242731 0.2572491 0.2606872 0.1631724 0.1820644 0.1694900 0.1520302 0.2515245 0.2512839 0.3164538 0.2176551 0.2397154 0.2235633 0.1990897 0.1677666 0.1756971 0.1942548 0.1782997 0.1829779 0.2116746 0.1856175 0.1538336 0.1298241 0.1452334 0.1645578 0.1539233 0.1423081 0.1440042 0.2311156 0.2059884 0.1779000 0.1276924 0.1382200 0.1180924 0.1885698 0.1636235 0.1331815 0.1793819 0.1875665 0.2254969 0.2517452 0.1670433 0.1632539 0.1583188 0.1523686 
Buccinum_tenuissimum         0.2253737 0.1923082 0.2263027 0.2001211 0.1848745 0.1826319 0.2076418 0.1593664 0.1731256 0.1338113 0.1258351 0.1186354 0.1330964 0.0000000 0.0230852 0.0839152 0.1015043 0.3463735 0.2585396 0.2740827 0.2431593 0.1902531 0.1760087 0.1703903 0.1582541 0.2470244 0.2338876 0.2639210 0.1690818 0.2170434 0.1796691 0.1649850 0.1628150 0.1457364 0.1686890 0.1479109 0.1522232 0.1602324 0.1500001 0.1309397 0.1434755 0.1348277 0.1487899 0.1437013 0.1470911 0.1432121 0.1885934 0.1202947 0.1727968 0.1257403 0.1326826 0.1057854 0.1100434 0.1762535 0.1080761 0.1482242 0.1455451 0.1954213 0.2010770 0.1254502 0.1256515 0.1218380 0.1416467 
Buccinum_striatissimum       0.1795773 0.1866478 0.2157332 0.1872798 0.1863908 0.1871472 0.1907633 0.1494089 0.1661079 0.1338841 0.1197202 0.1243580 0.1083789 0.0230852 0.0000000 0.0779780 0.0737445 0.3470451 0.2435072 0.2506067 0.2490764 0.1694165 0.1809662 0.1649993 0.1517391 0.2195594 0.2235091 0.2425241 0.1747287 0.1805413 0.1816013 0.1689153 0.1465241 0.1258860 0.1471084 0.1277430 0.1317405 0.1418181 0.1480407 0.1348087 0.1185404 0.1281222 0.1339313 0.1224367 0.1266822 0.1180552 0.1529903 0.1029287 0.1506731 0.1088186 0.1201534 0.0966474 0.0934148 0.1584519 0.1119186 0.1387622 0.1410752 0.1735707 0.1921915 0.1160292 0.1190314 0.1036615 0.1322118 
Neptunea_arthritica          0.2453503 0.1821379 0.2352137 0.2155315 0.2131217 0.1809168 0.1914785 0.1603557 0.1655451 0.1638470 0.1623906 0.1685920 0.1327079 0.0839152 0.0779780 0.0000000 0.0414595 0.3785980 0.2597149 0.3060482 0.3060911 0.2289313 0.2124064 0.2005025 0.1957413 0.2741857 0.2984666 0.2402358 0.1962843 0.1858988 0.2049217 0.2026771 0.1433647 0.1599683 0.1594979 0.1522395 0.1568166 0.1717418 0.1543121 0.1631639 0.1274563 0.1311350 0.1559203 0.1376833 0.1275776 0.1468016 0.1846152 0.1314433 0.1629796 0.1401909 0.1377827 0.1074875 0.1273751 0.1511876 0.1214375 0.1640844 0.1536876 0.1754497 0.1957622 0.1357263 0.1388820 0.1229757 0.1380357 
Neptunea_polycostata         0.2120336 0.1854537 0.2239310 0.2045584 0.2106068 0.1685054 0.1717116 0.1481704 0.1568184 0.1447109 0.1379774 0.1414444 0.1251139 0.1015043 0.0737445 0.0414595 0.0000000 0.3579126 0.2350779 0.2648409 0.2740333 0.1852512 0.1992344 0.2034681 0.1848106 0.2759366 0.3043820 0.2394422 0.1900951 0.2173395 0.1897652 0.1886668 0.1498486 0.1491165 0.1498281 0.1429336 0.1557800 0.1466855 0.1572770 0.1407198 0.1275232 0.1178150 0.1496628 0.1366314 0.1216412 0.1550652 0.1775005 0.1382555 0.1684839 0.1193278 0.1361852 0.1161411 0.1273116 0.1646066 0.1085990 0.1398929 0.1352896 0.1619535 0.1809963 0.1206376 0.1210260 0.1416015 0.1245373 
Dolicholatirus_lancea        0.4182354 0.3769960 0.3538128 0.3398912 0.4380741 0.4143533 0.4449789 0.3270846 0.3931969 0.3153566 0.3851939 0.3870620 0.3033188 0.3463735 0.3470451 0.3785980 0.3579126 0.0000000 0.4091251 0.4429401 0.3673738 0.3261270 0.4032400 0.3869316 0.3603181 0.4709058 0.3794548 0.2088817 0.3356661 0.3678404 0.3398518 0.3410929 0.3572243 0.3861103 0.4029154 0.4024438 0.3861645 0.3409098 0.3597125 0.3181477 0.3631269 0.3154788 0.3529221 0.3326049 0.3321266 0.3749340 0.3241820 0.3424899 0.4590822 0.3656223 0.3604472 0.3426632 0.3810464 0.4175937 0.3362401 0.3379140 0.3662868 0.3813268 0.3871447 0.3126998 0.3073996 0.2909996 0.3234829 
Cinctura_hunteria            0.3244168 0.2834885 0.3238860 0.2844320 0.2496183 0.2526048 0.2721090 0.2437444 0.3232485 0.2258605 0.3178963 0.3080696 0.2242731 0.2585396 0.2435072 0.2597149 0.2350779 0.4091251 0.0000000 0.0637658 0.0749928 0.1772706 0.1819738 0.2166143 0.1420255 0.3493618 0.3100823 0.3804120 0.2860735 0.2786945 0.3181979 0.3080310 0.2403388 0.2428508 0.2411261 0.2269136 0.2220441 0.2642778 0.3066826 0.2628533 0.2348281 0.2556305 0.2689745 0.2584177 0.2679647 0.2419341 0.2801141 0.2691090 0.3019846 0.2360545 0.2599996 0.2272124 0.2611507 0.2718816 0.2102035 0.2323523 0.2338818 0.2698852 0.3023332 0.2589323 0.2597215 0.2648736 0.2513436 
Fasciolaria_tulipa           0.3676975 0.3327011 0.3049746 0.2773276 0.2492766 0.2650038 0.2962036 0.2617608 0.3699332 0.2404714 0.3368630 0.2982733 0.2572491 0.2740827 0.2506067 0.3060482 0.2648409 0.4429401 0.0637658 0.0000000 0.0455270 0.1834226 0.1509569 0.1824469 0.1313602 0.3375356 0.2900226 0.4072259 0.2937483 0.3007801 0.3381219 0.3413584 0.2641294 0.2493661 0.2445080 0.2239837 0.2285289 0.2872051 0.3480890 0.2715045 0.2569368 0.2929601 0.2628338 0.2787724 0.2816330 0.2842548 0.2846205 0.2561277 0.3236763 0.2497308 0.2742638 0.2455638 0.2485890 0.2911957 0.2265772 0.2281958 0.2360932 0.2845070 0.2972257 0.2726725 0.2734909 0.2925830 0.2720295 
Fasciolaria_bullisi          0.3495182 0.3246205 0.2953060 0.2717540 0.2604829 0.2749424 0.2874632 0.2673495 0.3786251 0.2620663 0.3047424 0.2860833 0.2606872 0.2431593 0.2490764 0.3060911 0.2740333 0.3673738 0.0749928 0.0455270 0.0000000 0.1618788 0.1146020 0.1604547 0.1132102 0.3178383 0.2601390 0.3371773 0.2656571 0.2740534 0.3342497 0.3167481 0.2316858 0.2148092 0.2102889 0.1999229 0.2048608 0.2425215 0.2967275 0.2848971 0.2427636 0.2790847 0.2650871 0.2731574 0.2892562 0.2448875 0.2855055 0.2274036 0.2901417 0.2347463 0.2471673 0.2096893 0.2215804 0.3183517 0.2117682 0.2302938 0.2250390 0.2988151 0.3001365 0.2365324 0.2436974 0.2893273 0.2457551 
Hemipolygona_armata          0.2290823 0.2107940 0.3180118 0.2832779 0.2050523 0.2080058 0.1982473 0.2133806 0.2483948 0.1886241 0.2272335 0.2144144 0.1631724 0.1902531 0.1694165 0.2289313 0.1852512 0.3261270 0.1772706 0.1834226 0.1618788 0.0000000 0.1386167 0.1345006 0.1098113 0.2908131 0.2640738 0.3348315 0.2548107 0.2796283 0.1817707 0.2213220 0.1449949 0.1509422 0.1468410 0.1402187 0.1447503 0.2058708 0.2373477 0.2331599 0.1927024 0.2049435 0.2191311 0.1676989 0.1814094 0.2085654 0.2371424 0.1869532 0.2429867 0.1985824 0.2221332 0.1900556 0.1890956 0.2081301 0.1778552 0.1936083 0.1794537 0.2116387 0.2245761 0.1679478 0.1653476 0.1916474 0.1905215 
Leucozonia_nassa             0.2516341 0.2550635 0.2964805 0.2812996 0.1991462 0.1937236 0.2232660 0.2091834 0.2679422 0.2210441 0.2222675 0.1967230 0.1820644 0.1760087 0.1809662 0.2124064 0.1992344 0.4032400 0.1819738 0.1509569 0.1146020 0.1386167 0.0000000 0.1209618 0.0915886 0.3302030 0.2353965 0.3666620 0.2018686 0.2685637 0.2225133 0.2231242 0.1780567 0.1611132 0.1794337 0.1666615 0.1537667 0.2090097 0.2204734 0.2189663 0.2057363 0.2073197 0.2063907 0.2241248 0.2229084 0.2175667 0.2476354 0.1767443 0.2192370 0.1803726 0.1946505 0.1669312 0.1646567 0.1962832 0.1354018 0.1769842 0.1868383 0.2437879 0.2390758 0.1750545 0.1724485 0.2313615 0.2019982 
Leucozonia_ocellata          0.2917270 0.2439139 0.2783335 0.2592728 0.1828659 0.1878970 0.2089685 0.2025352 0.2756770 0.2014491 0.2254031 0.1999514 0.1694900 0.1703903 0.1649993 0.2005025 0.2034681 0.3869316 0.2166143 0.1824469 0.1604547 0.1345006 0.1209618 0.0000000 0.0877352 0.2775101 0.2677712 0.3753431 0.2128211 0.2604610 0.2630627 0.2561930 0.1567718 0.1240725 0.1408490 0.1292503 0.1333511 0.2065497 0.2454769 0.2283054 0.1961876 0.2257871 0.2209810 0.2125374 0.1926209 0.2581167 0.2196474 0.1806079 0.2041123 0.1760074 0.1934903 0.1679318 0.1853392 0.1992425 0.1420722 0.1696848 0.1970174 0.2093498 0.2070507 0.1762952 0.1765901 0.1782723 0.1896351 
Triplofusus_giganteus        0.2443617 0.2250925 0.2545384 0.2344570 0.1867669 0.1779201 0.2275751 0.1931818 0.2385323 0.1887472 0.1915819 0.1752275 0.1520302 0.1582541 0.1517391 0.1957413 0.1848106 0.3603181 0.1420255 0.1313602 0.1132102 0.1098113 0.0915886 0.0877352 0.0000000 0.2323614 0.2076883 0.2854278 0.1750679 0.2388005 0.2168376 0.2173759 0.1590109 0.1416000 0.1505419 0.1389779 0.1403737 0.2068340 0.2075540 0.2055094 0.1772981 0.1713185 0.1720295 0.2332793 0.1941092 0.2029437 0.1923713 0.1644322 0.1854089 0.1517314 0.1643377 0.1348247 0.1642900 0.1794286 0.1140918 0.1688553 0.1903892 0.2241939 0.2223280 0.1673246 0.1647232 0.1615106 0.1501426 
Mitrella_scripta             0.3358505 0.3209172 0.3225071 0.2922951 0.3080777 0.3156886 0.3147259 0.3227086 0.3020159 0.3110352 0.2975005 0.3048182 0.2515245 0.2470244 0.2195594 0.2741857 0.2759366 0.4709058 0.3493618 0.3375356 0.3178383 0.2908131 0.3302030 0.2775101 0.2323614 0.0000000 0.1083808 0.3969338 0.2243819 0.2807915 0.3037423 0.2838911 0.2794032 0.2953536 0.3142315 0.2972191 0.3001159 0.2570941 0.2991805 0.3140317 0.2045272 0.2477690 0.2790141 0.3119576 0.3039806 0.3193261 0.2935566 0.2160219 0.3051952 0.2774145 0.2772455 0.2234035 0.2196716 0.2874975 0.2236863 0.2739262 0.2746487 0.3260937 0.3435402 0.2429762 0.2347718 0.2068109 0.2339209 
Mitrella_bicincta            0.3510189 0.3583756 0.3265729 0.3086857 0.2726560 0.2845925 0.3149715 0.2913759 0.3626486 0.2948886 0.3296299 0.3148069 0.2512839 0.2338876 0.2235091 0.2984666 0.3043820 0.3794548 0.3100823 0.2900226 0.2601390 0.2640738 0.2353965 0.2677712 0.2076883 0.1083808 0.0000000 0.3327400 0.2375960 0.2948664 0.2933972 0.2788835 0.2378399 0.2432769 0.2721881 0.2445289 0.2470077 0.2318742 0.3001143 0.2855157 0.2175681 0.2780304 0.3801669 0.2758998 0.2939898 0.3215049 0.2621394 0.1979541 0.3353097 0.2886339 0.2842958 0.2459747 0.2109308 0.2967531 0.2537345 0.2885294 0.2929827 0.3652932 0.3528084 0.2580206 0.2550587 0.2327213 0.2223359 
Dolicholatirus_spiceri       0.3272969 0.3055396 0.2854968 0.2537079 0.3582773 0.3574945 0.3532467 0.3033662 0.2435150 0.3230138 0.2683363 0.2992424 0.3164538 0.2639210 0.2425241 0.2402358 0.2394422 0.2088817 0.3804120 0.4072259 0.3371773 0.3348315 0.3666620 0.3753431 0.2854278 0.3969338 0.3327400 0.0000000 0.3053224 0.3205316 0.3306998 0.2851985 0.2911911 0.3108821 0.3236641 0.2997933 0.3097312 0.2928835 0.2930485 0.2955853 0.2746858 0.2814479 0.2797054 0.2961814 0.2651592 0.2422195 0.2812253 0.2409592 0.3265537 0.2387500 0.2158115 0.2136556 0.2350192 0.3275101 0.2419693 0.2840687 0.3109539 0.3542276 0.3378504 0.2687556 0.2640090 0.2630696 0.2651071 
Belomitra_caudata            0.3127322 0.2454900 0.2773150 0.2531516 0.2743577 0.2967089 0.3130159 0.2345369 0.2544001 0.2420023 0.1741117 0.1913028 0.2176551 0.1690818 0.1747287 0.1962843 0.1900951 0.3356661 0.2860735 0.2937483 0.2656571 0.2548107 0.2018686 0.2128211 0.1750679 0.2243819 0.2375960 0.3053224 0.0000000 0.1071961 0.2637188 0.2259249 0.2047806 0.1919726 0.2152500 0.2017581 0.1972474 0.2347676 0.2499601 0.2051569 0.1626130 0.1925102 0.2240076 0.2115390 0.1945870 0.2728311 0.2037949 0.1708674 0.2189927 0.1771602 0.1798591 0.1841669 0.1663421 0.1967117 0.1283459 0.1684678 0.1752877 0.2118242 0.1976123 0.1669138 0.1644101 0.1577485 0.1622382 
Belomitra_paschalis          0.3183857 0.2653344 0.3705195 0.3359039 0.3337754 0.3464944 0.3364738 0.2590436 0.2704195 0.2714162 0.2366856 0.2485280 0.2397154 0.2170434 0.1805413 0.1858988 0.2173395 0.3678404 0.2786945 0.3007801 0.2740534 0.2796283 0.2685637 0.2604610 0.2388005 0.2807915 0.2948664 0.3205316 0.1071961 0.0000000 0.3114296 0.2933758 0.2193053 0.2259959 0.2239526 0.2167774 0.2120352 0.2937765 0.2795760 0.2461287 0.2129217 0.2666075 0.2748080 0.2211066 0.2352152 0.2472549 0.2290086 0.2051137 0.2555272 0.2047848 0.1779075 0.1869119 0.1865143 0.2119094 0.1911653 0.2332212 0.2368515 0.2502578 0.2616330 0.1953217 0.1997858 0.1742479 0.2119573 
Tonna_galea                  0.3065584 0.2535824 0.3485526 0.3424725 0.2942643 0.2727748 0.2934662 0.2434657 0.2789480 0.2278421 0.2471687 0.2086890 0.2235633 0.1796691 0.1816013 0.2049217 0.1897652 0.3398518 0.3181979 0.3381219 0.3342497 0.1817707 0.2225133 0.2630627 0.2168376 0.3037423 0.2933972 0.3306998 0.2637188 0.3114296 0.0000000 0.0487193 0.2155599 0.1983420 0.2343204 0.2063633 0.2110597 0.2150028 0.2401534 0.1862074 0.2094727 0.2026320 0.2158303 0.2018864 0.2051156 0.2569524 0.2505581 0.1834202 0.2586520 0.1707162 0.1769472 0.1752330 0.1653501 0.2061918 0.1686923 0.2161476 0.2150607 0.2604771 0.2943642 0.2255535 0.2259368 0.1766889 0.1722387 
Tonna_sulcosa                0.3350428 0.2545824 0.2876593 0.2663161 0.3004206 0.2676279 0.3004347 0.2427968 0.2445353 0.2460827 0.2218261 0.1978918 0.1990897 0.1649850 0.1689153 0.2026771 0.1886668 0.3410929 0.3080310 0.3413584 0.3167481 0.2213220 0.2231242 0.2561930 0.2173759 0.2838911 0.2788835 0.2851985 0.2259249 0.2933758 0.0487193 0.0000000 0.2145715 0.2074768 0.2358227 0.2175127 0.2229757 0.1970078 0.2104124 0.1991645 0.2046546 0.2056285 0.2246949 0.2006743 0.2035700 0.2584211 0.2760252 0.1845482 0.2757466 0.1714790 0.1741496 0.1721368 0.1481592 0.2077820 0.1414859 0.2018563 0.2180952 0.2846363 0.2991169 0.1997730 0.2031739 0.1889566 0.1951500 
Peristernia_marquesana       0.2348608 0.2124528 0.3099950 0.2819241 0.2441789 0.2087360 0.2148820 0.1787623 0.2025262 0.1928579 0.1809314 0.1855564 0.1677666 0.1628150 0.1465241 0.1433647 0.1498486 0.3572243 0.2403388 0.2641294 0.2316858 0.1449949 0.1780567 0.1567718 0.1590109 0.2794032 0.2378399 0.2911911 0.2047806 0.2193053 0.2155599 0.2145715 0.0000000 0.0349874 0.0426268 0.0430694 0.0405410 0.1596608 0.2006408 0.2077259 0.1427262 0.1625842 0.1898704 0.1611532 0.1489578 0.1967143 0.1842639 0.1549779 0.1690770 0.1642259 0.1681421 0.1439083 0.1693549 0.1653059 0.1253541 0.1719855 0.1754265 0.2151338 0.2303653 0.1573212 0.1554861 0.1555924 0.1524892 
Peristernia_reincarnata      0.2453446 0.2462753 0.2831259 0.2557428 0.2301650 0.2091855 0.2260346 0.1815912 0.2198592 0.1839550 0.1748577 0.1763337 0.1756971 0.1457364 0.1258860 0.1599683 0.1491165 0.3861103 0.2428508 0.2493661 0.2148092 0.1509422 0.1611132 0.1240725 0.1416000 0.2953536 0.2432769 0.3108821 0.1919726 0.2259959 0.1983420 0.2074768 0.0349874 0.0000000 0.0200731 0.0177471 0.0154807 0.1670110 0.2058447 0.1915062 0.1439892 0.1788044 0.1692433 0.1638773 0.1362520 0.2099318 0.1899518 0.1542240 0.2068086 0.1864977 0.1847251 0.1615226 0.1601568 0.1869778 0.1316283 0.1588488 0.1623448 0.1993896 0.2118531 0.1647975 0.1629599 0.1545199 0.1470082 
Peristernia_forskalii        0.2507345 0.2539588 0.3036198 0.2751927 0.2558636 0.2234644 0.2442531 0.2063040 0.2340772 0.1996075 0.1905097 0.1919905 0.1942548 0.1686890 0.1471084 0.1594979 0.1498281 0.4029154 0.2411261 0.2445080 0.2102889 0.1468410 0.1794337 0.1408490 0.1505419 0.3142315 0.2721881 0.3236641 0.2152500 0.2239526 0.2343204 0.2358227 0.0426268 0.0200731 0.0000000 0.0149322 0.0127543 0.1739470 0.2210839 0.2097016 0.1477184 0.1856910 0.1882610 0.1820282 0.1613970 0.2172980 0.1911486 0.1724660 0.2103945 0.1985441 0.1976240 0.1734987 0.1788291 0.1918861 0.1508303 0.1659345 0.1781497 0.2102169 0.2325081 0.1744318 0.1725821 0.1671135 0.1479118 
Peristernia_gemmata          0.2426635 0.2359144 0.2722919 0.2486837 0.2301473 0.2089500 0.2259735 0.1758708 0.2160331 0.1866179 0.1685181 0.1700082 0.1782997 0.1479109 0.1277430 0.1522395 0.1429336 0.4024438 0.2269136 0.2239837 0.1999229 0.1402187 0.1666615 0.1292503 0.1389779 0.2972191 0.2445289 0.2997933 0.2017581 0.2167774 0.2063633 0.2175127 0.0430694 0.0177471 0.0149322 0.0000000 0.0105678 0.1581491 0.2039456 0.2117892 0.1408606 0.1730870 0.1784696 0.1612622 0.1415244 0.2028962 0.1872659 0.1510273 0.2027702 0.1915544 0.1905542 0.1668203 0.1569164 0.1845323 0.1365023 0.1546953 0.1499652 0.1878872 0.2154929 0.1537580 0.1519128 0.1517738 0.1363782 
Peristernia_nassatula        0.2480417 0.2413398 0.2818313 0.2543090 0.2355833 0.2142078 0.2314480 0.1888344 0.2214139 0.1912942 0.1731060 0.1745943 0.1829779 0.1522232 0.1317405 0.1568166 0.1557800 0.3861645 0.2220441 0.2285289 0.2048608 0.1447503 0.1537667 0.1333511 0.1403737 0.3001159 0.2470077 0.3097312 0.1972474 0.2120352 0.2110597 0.2229757 0.0405410 0.0154807 0.0127543 0.0105678 0.0000000 0.1627354 0.2090302 0.1971239 0.1451457 0.1776063 0.1831309 0.1655873 0.1456426 0.2082180 0.1739396 0.1554780 0.1977828 0.1870190 0.1859701 0.1625693 0.1614711 0.1806438 0.1406127 0.1584398 0.1619600 0.1921466 0.2141154 0.1580574 0.1562100 0.1562118 0.1404663 
Japeuthria_ferrea            0.1728062 0.2764216 0.2955840 0.2735785 0.2648683 0.2490956 0.2307283 0.2223680 0.2514009 0.2070553 0.1614488 0.1638667 0.2116746 0.1602324 0.1418181 0.1717418 0.1466855 0.3409098 0.2642778 0.2872051 0.2425215 0.2058708 0.2090097 0.2065497 0.2068340 0.2570941 0.2318742 0.2928835 0.2347676 0.2937765 0.2150028 0.1970078 0.1596608 0.1670110 0.1739470 0.1581491 0.1627354 0.0000000 0.1910928 0.1853684 0.1707987 0.1534382 0.1976038 0.1987721 0.1840450 0.1917978 0.1916452 0.1577643 0.2113504 0.1551017 0.1762150 0.1711954 0.1551644 0.2321187 0.1519393 0.1616572 0.1840686 0.2263617 0.2190618 0.1484797 0.1445785 0.1619928 0.1442407 
Colubraria_reticulata        0.2697043 0.2539589 0.2917653 0.2803252 0.3208987 0.3090515 0.3040961 0.2134712 0.1184985 0.2005058 0.2010948 0.1879751 0.1856175 0.1500001 0.1480407 0.1543121 0.1572770 0.3597125 0.3066826 0.3480890 0.2967275 0.2373477 0.2204734 0.2454769 0.2075540 0.2991805 0.3001143 0.2930485 0.2499601 0.2795760 0.2401534 0.2104124 0.2006408 0.2058447 0.2210839 0.2039456 0.2090302 0.1910928 0.0000000 0.1885365 0.2202209 0.1548785 0.1715211 0.1795382 0.1809102 0.1935820 0.2447233 0.2196499 0.1575362 0.1173924 0.1077543 0.1048514 0.1907986 0.1999290 0.1583217 0.1857634 0.1944710 0.2460107 0.2453001 0.1862086 0.1881075 0.2074568 0.1750933 
Clivipollia_pulchra          0.2391549 0.2251455 0.2937001 0.2585239 0.2573791 0.2579357 0.2632678 0.1953590 0.2443570 0.1690062 0.1760971 0.1352461 0.1538336 0.1309397 0.1348087 0.1631639 0.1407198 0.3181477 0.2628533 0.2715045 0.2848971 0.2331599 0.2189663 0.2283054 0.2055094 0.3140317 0.2855157 0.2955853 0.2051569 0.2461287 0.1862074 0.1991645 0.2077259 0.1915062 0.2097016 0.2117892 0.1971239 0.1853684 0.1885365 0.0000000 0.1478079 0.1424972 0.1759164 0.1805066 0.1706422 0.1890337 0.2125921 0.1901151 0.1665842 0.1340527 0.1290515 0.1187519 0.1704544 0.1933525 0.1104094 0.1345508 0.1477063 0.1901326 0.2004321 0.1648753 0.1651391 0.1683094 0.1670946 
Chauvetia_candidissima       0.2298216 0.2332692 0.2666400 0.2444268 0.2437284 0.2342770 0.2528008 0.1696712 0.2140404 0.1738591 0.1420705 0.1480396 0.1298241 0.1434755 0.1185404 0.1274563 0.1275232 0.3631269 0.2348281 0.2569368 0.2427636 0.1927024 0.2057363 0.1961876 0.1772981 0.2045272 0.2175681 0.2746858 0.1626130 0.2129217 0.2094727 0.2046546 0.1427262 0.1439892 0.1477184 0.1408606 0.1451457 0.1707987 0.2202209 0.1478079 0.0000000 0.1589637 0.1618869 0.1651339 0.1462350 0.1772379 0.2038952 0.1386654 0.1825786 0.1463950 0.1554896 0.1379576 0.1227364 0.1749419 0.1028209 0.1436868 0.1585743 0.1840487 0.2136948 0.1528504 0.1569005 0.1307141 0.1547702 
Busycon_carica               0.2361123 0.2127340 0.2178758 0.2109222 0.2412561 0.2373248 0.2653436 0.1731525 0.1907093 0.1847171 0.1753329 0.1522907 0.1452334 0.1348277 0.1281222 0.1311350 0.1178150 0.3154788 0.2556305 0.2929601 0.2790847 0.2049435 0.2073197 0.2257871 0.1713185 0.2477690 0.2780304 0.2814479 0.1925102 0.2666075 0.2026320 0.2056285 0.1625842 0.1788044 0.1856910 0.1730870 0.1776063 0.1534382 0.1548785 0.1424972 0.1589637 0.0000000 0.1104231 0.1508442 0.1535347 0.1909406 0.1752574 0.1735938 0.1629749 0.1380177 0.1425287 0.1294336 0.1792191 0.1529118 0.1221474 0.1145566 0.1191457 0.1886331 0.1650675 0.1104145 0.1179447 0.1275625 0.1209952 
Fulguropsis_pyruloides       0.2555030 0.2585874 0.2050737 0.2079205 0.2312224 0.2373253 0.2433546 0.1834778 0.2146010 0.1881244 0.1864060 0.1603104 0.1645578 0.1487899 0.1339313 0.1559203 0.1496628 0.3529221 0.2689745 0.2628338 0.2650871 0.2191311 0.2063907 0.2209810 0.1720295 0.2790141 0.3801669 0.2797054 0.2240076 0.2748080 0.2158303 0.2246949 0.1898704 0.1692433 0.1882610 0.1784696 0.1831309 0.1976038 0.1715211 0.1759164 0.1618869 0.1104231 0.0000000 0.1713814 0.1351463 0.1892562 0.1950305 0.1867330 0.1683607 0.1280420 0.1457751 0.1262407 0.1752163 0.1678392 0.1501745 0.1265723 0.1460828 0.2113814 0.2099367 0.1380251 0.1430544 0.1690092 0.1704392 
Buccinanops_cochlidium       0.2396717 0.2087159 0.2477651 0.2302157 0.2522070 0.2487302 0.2644307 0.1848313 0.2254580 0.1540887 0.1521170 0.1338636 0.1539233 0.1437013 0.1224367 0.1376833 0.1366314 0.3326049 0.2584177 0.2787724 0.2731574 0.1676989 0.2241248 0.2125374 0.2332793 0.3119576 0.2758998 0.2961814 0.2115390 0.2211066 0.2018864 0.2006743 0.1611532 0.1638773 0.1820282 0.1612622 0.1655873 0.1987721 0.1795382 0.1805066 0.1651339 0.1508442 0.1713814 0.0000000 0.0552092 0.1834451 0.1717794 0.1486191 0.1950378 0.1571263 0.1619090 0.1460280 0.1560737 0.1643799 0.1425732 0.1262899 0.1151093 0.1298171 0.1578960 0.1119347 0.1142160 0.1580376 0.1444545 
Buccinastrum_deforme         0.2383713 0.2442186 0.2637511 0.2475664 0.2555873 0.2372987 0.2629970 0.1717753 0.2281161 0.1488363 0.1330957 0.1093031 0.1423081 0.1470911 0.1266822 0.1275776 0.1216412 0.3321266 0.2679647 0.2816330 0.2892562 0.1814094 0.2229084 0.1926209 0.1941092 0.3039806 0.2939898 0.2651592 0.1945870 0.2352152 0.2051156 0.2035700 0.1489578 0.1362520 0.1613970 0.1415244 0.1456426 0.1840450 0.1809102 0.1706422 0.1462350 0.1535347 0.1351463 0.0552092 0.0000000 0.1994035 0.1735650 0.1401040 0.1979836 0.1593978 0.1699896 0.1488398 0.1603020 0.1578957 0.1227578 0.1134519 0.1228122 0.1262908 0.1625799 0.1133018 0.1161604 0.1396469 0.1354734 
Chlanidota_densesculpta      0.2375312 0.2295578 0.2645671 0.2429089 0.2995087 0.2583562 0.2721473 0.2223876 0.2358875 0.1601736 0.1707379 0.2124143 0.1440042 0.1432121 0.1180552 0.1468016 0.1550652 0.3749340 0.2419341 0.2842548 0.2448875 0.2085654 0.2175667 0.2581167 0.2029437 0.3193261 0.3215049 0.2422195 0.2728311 0.2472549 0.2569524 0.2584211 0.1967143 0.2099318 0.2172980 0.2028962 0.2082180 0.1917978 0.1935820 0.1890337 0.1772379 0.1909406 0.1892562 0.1834451 0.1994035 0.0000000 0.2377906 0.1720770 0.1753840 0.1294417 0.1250157 0.1134195 0.1824109 0.2306564 0.1523503 0.1933717 0.1935169 0.2293868 0.2318888 0.1686359 0.1659586 0.1751153 0.1878904 
Euthria_cumulata             0.2677409 0.2688770 0.2745241 0.2643265 0.2859728 0.2823146 0.3115215 0.2540363 0.2838124 0.2490458 0.2230373 0.2050528 0.2311156 0.1885934 0.1529903 0.1846152 0.1775005 0.3241820 0.2801141 0.2846205 0.2855055 0.2371424 0.2476354 0.2196474 0.1923713 0.2935566 0.2621394 0.2812253 0.2037949 0.2290086 0.2505581 0.2760252 0.1842639 0.1899518 0.1911486 0.1872659 0.1739396 0.1916452 0.2447233 0.2125921 0.2038952 0.1752574 0.1950305 0.1717794 0.1735650 0.2377906 0.0000000 0.1677247 0.2038643 0.1771010 0.1936833 0.1811290 0.1831849 0.1950274 0.1563463 0.1400134 0.1701958 0.2029536 0.2091887 0.1209022 0.1245994 0.1234825 0.1227429 
Nassarius_conoidalis         0.2239154 0.2408087 0.2338093 0.2172855 0.2583357 0.2498258 0.2657411 0.2535794 0.2150876 0.2061121 0.1354040 0.1436506 0.2059884 0.1202947 0.1029287 0.1314433 0.1382555 0.3424899 0.2691090 0.2561277 0.2274036 0.1869532 0.1767443 0.1806079 0.1644322 0.2160219 0.1979541 0.2409592 0.1708674 0.2051137 0.1834202 0.1845482 0.1549779 0.1542240 0.1724660 0.1510273 0.1554780 0.1577643 0.2196499 0.1901151 0.1386654 0.1735938 0.1867330 0.1486191 0.1401040 0.1720770 0.1677247 0.0000000 0.1857565 0.1479303 0.1495403 0.1210307 0.0375671 0.1704968 0.1326448 0.1579154 0.1650079 0.1821452 0.1889186 0.1090871 0.1092618 0.1188225 0.1057922 
Manaria_kuroharai            0.2619370 0.2497912 0.2885137 0.2831413 0.2674330 0.2647246 0.3012222 0.2115982 0.2101394 0.2045379 0.2035630 0.1675774 0.1779000 0.1727968 0.1506731 0.1629796 0.1684839 0.4590822 0.3019846 0.3236763 0.2901417 0.2429867 0.2192370 0.2041123 0.1854089 0.3051952 0.3353097 0.3265537 0.2189927 0.2555272 0.2586520 0.2757466 0.1690770 0.2068086 0.2103945 0.2027702 0.1977828 0.2113504 0.1575362 0.1665842 0.1825786 0.1629749 0.1683607 0.1950378 0.1979836 0.1753840 0.2038643 0.1857565 0.0000000 0.0509885 0.0727871 0.0694263 0.1874948 0.1730767 0.1262124 0.1625411 0.1830992 0.2074913 0.2095447 0.1736102 0.1645436 0.1579255 0.1647277 
Eosipho_smithi               0.2215956 0.2090220 0.2373766 0.2398878 0.2282382 0.2296453 0.2557083 0.1849384 0.1605339 0.1552541 0.1443180 0.1170124 0.1276924 0.1257403 0.1088186 0.1401909 0.1193278 0.3656223 0.2360545 0.2497308 0.2347463 0.1985824 0.1803726 0.1760074 0.1517314 0.2774145 0.2886339 0.2387500 0.1771602 0.2047848 0.1707162 0.1714790 0.1642259 0.1864977 0.1985441 0.1915544 0.1870190 0.1551017 0.1173924 0.1340527 0.1463950 0.1380177 0.1280420 0.1571263 0.1593978 0.1294417 0.1771010 0.1479303 0.0509885 0.0000000 0.0422528 0.0445448 0.1474013 0.1663700 0.1002426 0.1258362 0.1588777 0.1895635 0.1932987 0.1453009 0.1427540 0.1365415 0.1255110 
Colus_islandicus             0.2554782 0.2316658 0.2239463 0.2156302 0.2306215 0.2162818 0.2400989 0.1898898 0.1480624 0.1496262 0.1529590 0.1353765 0.1382200 0.1326826 0.1201534 0.1377827 0.1361852 0.3604472 0.2599996 0.2742638 0.2471673 0.2221332 0.1946505 0.1934903 0.1643377 0.2772455 0.2842958 0.2158115 0.1798591 0.1779075 0.1769472 0.1741496 0.1681421 0.1847251 0.1976240 0.1905542 0.1859701 0.1762150 0.1077543 0.1290515 0.1554896 0.1425287 0.1457751 0.1619090 0.1699896 0.1250157 0.1936833 0.1495403 0.0727871 0.0422528 0.0000000 0.0318589 0.1450260 0.1734162 0.1072289 0.1459189 0.1639151 0.1997899 0.2119785 0.1591775 0.1594346 0.1363192 0.1457214 
Colus_sp.                    0.2100333 0.1968091 0.2098257 0.2004918 0.2160877 0.2021553 0.2268212 0.1719279 0.1459353 0.1413363 0.1233136 0.1135381 0.1180924 0.1057854 0.0966474 0.1074875 0.1161411 0.3426632 0.2272124 0.2455638 0.2096893 0.1900556 0.1669312 0.1679318 0.1348247 0.2234035 0.2459747 0.2136556 0.1841669 0.1869119 0.1752330 0.1721368 0.1439083 0.1615226 0.1734987 0.1668203 0.1625693 0.1711954 0.1048514 0.1187519 0.1379576 0.1294336 0.1262407 0.1460280 0.1488398 0.1134195 0.1811290 0.1210307 0.0694263 0.0445448 0.0318589 0.0000000 0.1182280 0.1437026 0.0885895 0.1273836 0.1448849 0.1801630 0.1825050 0.1280702 0.1282748 0.1247301 0.1238987 
Nassarius_semisulcatus       0.2138410 0.2225992 0.2330948 0.2034910 0.2353768 0.2238876 0.2474915 0.2189313 0.2184261 0.1888737 0.1490589 0.1441777 0.1885698 0.1100434 0.0934148 0.1273751 0.1273116 0.3810464 0.2611507 0.2485890 0.2215804 0.1890956 0.1646567 0.1853392 0.1642900 0.2196716 0.2109308 0.2350192 0.1663421 0.1865143 0.1653501 0.1481592 0.1693549 0.1601568 0.1788291 0.1569164 0.1614711 0.1551644 0.1907986 0.1704544 0.1227364 0.1792191 0.1752163 0.1560737 0.1603020 0.1824109 0.1831849 0.0375671 0.1874948 0.1474013 0.1450260 0.1182280 0.0000000 0.1899854 0.1281792 0.1563410 0.1658324 0.1900766 0.2060224 0.1385729 0.1387983 0.1266402 0.1158385 
Caducifer_decapitatus        0.2659825 0.2240958 0.3060363 0.2987951 0.2508635 0.2514774 0.2464820 0.2160537 0.2386626 0.2098665 0.2163726 0.1857275 0.1636235 0.1762535 0.1584519 0.1511876 0.1646066 0.4175937 0.2718816 0.2911957 0.3183517 0.2081301 0.1962832 0.1992425 0.1794286 0.2874975 0.2967531 0.3275101 0.1967117 0.2119094 0.2061918 0.2077820 0.1653059 0.1869778 0.1918861 0.1845323 0.1806438 0.2321187 0.1999290 0.1933525 0.1749419 0.1529118 0.1678392 0.1643799 0.1578957 0.2306564 0.1950274 0.1704968 0.1730767 0.1663700 0.1734162 0.1437026 0.1899854 0.0000000 0.1359203 0.1633652 0.1665219 0.1969770 0.2042793 0.1575121 0.1607073 0.1194682 0.1358440 
Serratifusus_lineatus        0.2090380 0.1612208 0.2007893 0.1874995 0.1992409 0.1897990 0.2138743 0.1824640 0.1872833 0.1644370 0.1174228 0.1196911 0.1331815 0.1080761 0.1119186 0.1214375 0.1085990 0.3362401 0.2102035 0.2265772 0.2117682 0.1778552 0.1354018 0.1420722 0.1140918 0.2236863 0.2537345 0.2419693 0.1283459 0.1911653 0.1686923 0.1414859 0.1253541 0.1316283 0.1508303 0.1365023 0.1406127 0.1519393 0.1583217 0.1104094 0.1028209 0.1221474 0.1501745 0.1425732 0.1227578 0.1523503 0.1563463 0.1326448 0.1262124 0.1002426 0.1072289 0.0885895 0.1281792 0.1359203 0.0000000 0.0723806 0.0800641 0.1191722 0.1130722 0.0783345 0.0784511 0.1132141 0.1032099 
Penion_chathamensis          0.2022338 0.1991558 0.1802434 0.1767444 0.2159072 0.2175009 0.2480117 0.2100515 0.2135059 0.1844054 0.1473805 0.1393231 0.1793819 0.1482242 0.1387622 0.1640844 0.1398929 0.3379140 0.2323523 0.2281958 0.2302938 0.1936083 0.1769842 0.1696848 0.1688553 0.2739262 0.2885294 0.2840687 0.1684678 0.2332212 0.2161476 0.2018563 0.1719855 0.1588488 0.1659345 0.1546953 0.1584398 0.1616572 0.1857634 0.1345508 0.1436868 0.1145566 0.1265723 0.1262899 0.1134519 0.1933717 0.1400134 0.1579154 0.1625411 0.1258362 0.1459189 0.1273836 0.1563410 0.1633652 0.0723806 0.0000000 0.0388795 0.0861110 0.0716292 0.0590344 0.0648275 0.1415785 0.1172039 
Peristernia_sulcata          0.2276286 0.1942285 0.1813661 0.1866644 0.2285538 0.2376517 0.2421179 0.2117396 0.2063451 0.1848255 0.1557799 0.1469519 0.1875665 0.1455451 0.1410752 0.1536876 0.1352896 0.3662868 0.2338818 0.2360932 0.2250390 0.1794537 0.1868383 0.1970174 0.1903892 0.2746487 0.2929827 0.3109539 0.1752877 0.2368515 0.2150607 0.2180952 0.1754265 0.1623448 0.1781497 0.1499652 0.1619600 0.1840686 0.1944710 0.1477063 0.1585743 0.1191457 0.1460828 0.1151093 0.1228122 0.1935169 0.1701958 0.1650079 0.1830992 0.1588777 0.1639151 0.1448849 0.1658324 0.1665219 0.0800641 0.0388795 0.0000000 0.0879908 0.0796527 0.0645994 0.0766376 0.1440046 0.1261252 
Penion_ormesi                0.2741640 0.2568018 0.2640585 0.2432121 0.2957722 0.2976031 0.3164241 0.2564035 0.2404746 0.2193666 0.1915067 0.1847854 0.2254969 0.1954213 0.1735707 0.1754497 0.1619535 0.3813268 0.2698852 0.2845070 0.2988151 0.2116387 0.2437879 0.2093498 0.2241939 0.3260937 0.3652932 0.3542276 0.2118242 0.2502578 0.2604771 0.2846363 0.2151338 0.1993896 0.2102169 0.1878872 0.1921466 0.2263617 0.2460107 0.1901326 0.1840487 0.1886331 0.2113814 0.1298171 0.1262908 0.2293868 0.2029536 0.1821452 0.2074913 0.1895635 0.1997899 0.1801630 0.1900766 0.1969770 0.1191722 0.0861110 0.0879908 0.0000000 0.0507369 0.1304970 0.1335156 0.1757294 0.1604932 
Penion_cuvierianus           0.2656730 0.2615130 0.2174184 0.2327359 0.2863444 0.3117083 0.3314701 0.2966744 0.2823494 0.2502179 0.2106356 0.1973069 0.2517452 0.2010770 0.1921915 0.1957622 0.1809963 0.3871447 0.3023332 0.2972257 0.3001365 0.2245761 0.2390758 0.2070507 0.2223280 0.3435402 0.3528084 0.3378504 0.1976123 0.2616330 0.2943642 0.2991169 0.2303653 0.2118531 0.2325081 0.2154929 0.2141154 0.2190618 0.2453001 0.2004321 0.2136948 0.1650675 0.2099367 0.1578960 0.1625799 0.2318888 0.2091887 0.1889186 0.2095447 0.1932987 0.2119785 0.1825050 0.2060224 0.2042793 0.1130722 0.0716292 0.0796527 0.0507369 0.0000000 0.1102449 0.1174836 0.1939171 0.1643735 
Kelletia_kelletii            0.2139007 0.1844483 0.1736954 0.1793356 0.2186107 0.2039791 0.2304833 0.2031426 0.2104380 0.1865400 0.1245042 0.1280457 0.1670433 0.1254502 0.1160292 0.1357263 0.1206376 0.3126998 0.2589323 0.2726725 0.2365324 0.1679478 0.1750545 0.1762952 0.1673246 0.2429762 0.2580206 0.2687556 0.1669138 0.1953217 0.2255535 0.1997730 0.1573212 0.1647975 0.1744318 0.1537580 0.1580574 0.1484797 0.1862086 0.1648753 0.1528504 0.1104145 0.1380251 0.1119347 0.1133018 0.1686359 0.1209022 0.1090871 0.1736102 0.1453009 0.1591775 0.1280702 0.1385729 0.1575121 0.0783345 0.0590344 0.0645994 0.1304970 0.1102449 0.0000000 0.0083924 0.0954144 0.1025249 
