134
Pomacea_canaliculata        0.0000000 0.6756266 0.4332357 1.2172015 1.2637374 1.2860343 1.0488019 1.1381149 1.0439483 1.1352304 3.3582375 3.2336090 4.1271262 4.3682520 3.3149204 3.1639391 5.0220671 3.3883616 0.9363673 0.9840769 0.9214295 0.9002128 0.8545090 1.0504418 0.7614100 0.8899946 1.0243914 0.9792984 0.9840451 0.9390179 1.0472601 0.9939354 0.8615272 0.8063296 0.8267884 0.7891419 0.8104794 0.8414421 0.8610588 0.8423274 0.8034883 0.9958567 0.9914271 0.9910718 0.9345019 0.9062188 0.8825589 0.7994458 0.9168729 0.9362083 0.9702233 0.8249883 0.8098820 0.8519725 0.8922373 0.8347921 0.8334381 1.5957328 1.6936686 1.8183525 0.9350520 0.8367186 0.8648638 0.8587360 0.8042571 0.8435355 0.9206988 0.9140330 0.8739056 0.9698492 0.9041789 0.8424525 0.8611412 0.8454359 0.8314413 0.7766006 0.8186250 0.8363338 0.8351707 0.8521378 0.7848181 0.8281657 0.8460909 0.8018594 0.9270648 0.9486247 0.9705612 0.8992321 0.9726744 1.0259652 0.9789082 0.9622155 0.9296474 0.9060577 0.8772609 1.0765020 0.8849302 0.9006695 0.8875533 0.9161215 0.8546496 0.8463605 0.8912273 0.8921515 0.8272971 0.9696210 0.9436511 0.9269747 0.9515093 0.8912194 0.9753512 0.8629593 0.8357216 0.8357216 0.8353585 0.9291476 1.0039515 0.9132838 0.8580879 0.8605154 0.8958589 0.8678381 1.0434604 0.8220562 0.8391318 0.8775959 0.9242700 0.8444367 0.8676025 0.7949538 0.9269553 0.8987705 3.1960065 4.1680228 
Pila_globosa                0.6756266 0.0000000 0.6275171 1.2863670 1.2495743 1.3782311 1.1614452 1.2053315 1.1360682 1.1919973 3.8635321 3.6273872 4.4273448 4.7494841 3.7267705 3.3320578 5.7962102 3.7240559 0.9670087 1.0478806 0.9994174 0.9460857 0.8891924 1.1173004 0.8494638 0.9134549 1.1031717 1.0357973 0.9977985 0.9586713 1.0523493 1.0971936 0.9527606 0.8796517 0.8566830 0.8484898 0.8783388 0.8675669 0.8894707 0.8849531 0.8262947 1.0329694 1.0445651 1.0488029 0.9172587 0.9686848 0.9258029 0.8348446 0.9231447 0.9776992 1.0469367 0.9035307 0.9092322 0.9295314 0.9723753 0.9231938 0.8921452 1.6767602 1.6764128 1.8256012 0.9494427 0.8763630 0.8908212 0.9217129 0.8568484 0.9139150 0.9363603 0.9409997 0.9962509 1.0241580 0.9654335 0.8942314 0.9040609 0.8959133 0.8866264 0.8137490 0.8627279 0.9135986 0.9184472 0.9255946 0.8457869 0.8828074 0.8837357 0.8591818 0.9748028 1.0251044 1.0657550 0.9710231 1.0387355 1.0927405 1.0224549 1.0660604 0.9801397 0.9530122 0.9498045 1.1801055 0.9456461 0.9393015 0.9574022 0.9808285 0.8968208 0.8985065 0.9424476 0.9411745 0.8867073 1.0106889 1.0003849 0.9776107 1.0611487 0.9930548 1.0421547 0.8846272 0.8729992 0.8729992 0.8957556 1.0316674 1.1169460 0.9648474 0.9329235 0.9252266 0.9392084 0.9245816 1.1496579 0.9049498 0.9165537 0.9435683 0.9855881 0.9145423 0.9042934 0.8051738 0.9920971 0.9536558 3.2648105 4.1304804 
Marisa_cornuarietis         0.4332357 0.6275171 0.0000000 1.2122542 1.2623387 1.2586167 1.0367580 1.0873685 1.0123599 1.1442459 3.7846984 3.5484074 4.6678849 4.6630033 3.8302837 3.6064616 5.8301683 3.7041825 0.9254154 0.9506096 0.8364571 0.8729032 0.8197170 1.0501157 0.7545037 0.8284288 0.9538289 0.8828924 0.8926264 0.8673734 0.9526666 0.9241469 0.8058054 0.8006733 0.7827786 0.7651013 0.7889277 0.7759696 0.7949066 0.7896297 0.7757416 0.9451191 0.9610120 0.8805313 0.8999969 0.8509462 0.9069427 0.7623936 0.9596794 0.8720856 0.8914659 0.8061395 0.8304402 0.8333606 0.8384477 0.7930824 0.8170991 1.5588990 1.6129680 1.7500602 0.8993623 0.8115378 0.8446371 0.8497108 0.7933610 0.8365605 0.8746576 0.8729122 0.8241623 0.8936393 0.9233847 0.8283928 0.8399550 0.8184352 0.8189448 0.8038214 0.8131313 0.8528117 0.8548771 0.8527670 0.7858312 0.8167686 0.8241925 0.8126758 0.9140210 0.9385060 0.9169673 0.9114178 0.9258507 0.9359882 0.9281071 0.9273175 0.9021540 0.8710791 0.8522199 1.0048904 0.8274508 0.8654924 0.8697934 0.9025018 0.8435232 0.8522593 0.8643682 0.8446009 0.8224163 0.9582321 0.9424005 0.9144479 0.9439729 0.8898884 0.9095011 0.8347838 0.8135864 0.8135864 0.8104817 0.9567816 1.0359469 0.9168633 0.8460073 0.8743760 0.8682248 0.8444104 0.9941181 0.8576044 0.8609567 0.9370095 0.8883863 0.8840077 0.8612436 0.7887444 0.9155049 0.9098797 3.1590488 3.9132192 
Obscurella_hidalgoi         1.2172015 1.2863670 1.2122542 0.0000000 0.8776372 1.6092472 1.2957654 1.4176650 1.3285911 1.3837449 4.3097468 4.1616683 4.9282864 5.2294026 4.3573524 4.0356824 6.6675168 4.4226513 1.1508875 1.1733271 1.1077862 1.0718079 1.0585537 1.2887875 0.9515304 1.0665890 1.2138881 1.1908703 1.1436672 1.0740797 1.1567243 1.2199361 1.1347540 1.0837431 1.0297510 1.0238801 1.0436084 1.0512334 1.0480301 1.0402030 1.0514529 1.2523839 1.2232350 1.1911250 1.0916584 1.1389870 1.0654266 1.0144774 1.1134514 1.1484654 1.2052990 1.0702595 1.0640287 1.0859611 1.0848931 1.0609737 1.0453728 1.7710020 1.8602125 2.1285629 1.1538064 1.0593774 1.0821431 1.0450428 0.9891347 1.0753716 1.1050374 1.0725084 1.1078742 1.1943000 1.1168542 1.0277993 1.1024006 1.0090152 1.0778653 0.9816694 1.0202224 1.0268124 1.0316834 1.0861783 0.9748145 0.9936510 1.0161438 0.9787261 1.1501763 1.1932631 1.2286853 1.1654417 1.2326341 1.2137364 1.1994553 1.1475906 1.1107455 1.1178564 1.0875969 1.2915366 1.1124210 1.0721565 1.0584652 1.0934039 1.0463305 1.0426937 1.1102592 1.1060832 1.0241767 1.1698910 1.0937132 1.0730168 1.1192660 1.0722764 1.1766158 1.0249576 1.0372638 1.0372638 1.0268712 1.1216223 1.2070858 1.0913786 1.0619659 1.1022603 1.1072585 1.0374455 1.2632335 1.0780506 1.0901573 1.0988767 1.1166939 1.0585789 1.0667552 0.9390468 1.1559791 1.0755748 3.8409508 5.0157950 
Cyclophorus                 1.2637374 1.2495743 1.2623387 0.8776372 0.0000000 1.5929723 1.3153908 1.3742570 1.2901462 1.4657770 4.7604465 4.5647729 6.6231038 6.6470894 4.5469869 4.3000130 8.5285670 5.0610743 1.2560317 1.3033935 1.1699462 1.2195292 1.1068943 1.3956745 0.9676224 1.1659190 1.2857333 1.2924166 1.2557832 1.2088056 1.2910832 1.3206339 1.1432410 1.1393157 1.1499957 1.1030202 1.1458673 1.1198783 1.1677068 1.1744034 1.1367418 1.3110025 1.2861915 1.2361605 1.1744056 1.1724535 1.1280964 1.0846358 1.1548939 1.2963255 1.2288051 1.1752771 1.2491200 1.1886487 1.2180206 1.2269194 1.1969761 1.9299669 2.1010079 2.3322574 1.2529773 1.1593666 1.2003933 1.2040690 1.0978452 1.1815583 1.2227562 1.1902828 1.1959428 1.2559531 1.2410347 1.1593425 1.1774557 1.1553546 1.1649260 1.0564559 1.1229658 1.1712578 1.1716173 1.1952163 1.1008640 1.1554790 1.1577377 1.1004125 1.2474116 1.2633443 1.2952765 1.2331498 1.2801663 1.3057861 1.2876682 1.2400251 1.2462510 1.2330106 1.2191505 1.4094749 1.2107691 1.2371821 1.2017535 1.1923894 1.2189992 1.2181722 1.2491680 1.2297278 1.1387830 1.3216755 1.2457433 1.2615579 1.2380062 1.1413128 1.2616888 1.1436518 1.1631212 1.1631212 1.1048005 1.2270940 1.3292879 1.1855281 1.2042574 1.2656870 1.2636913 1.1786518 1.3620833 1.1920492 1.2062254 1.2182142 1.2199050 1.1582366 1.1853767 1.0716221 1.2472835 1.2420937 4.1380988 4.9276531 
Cipangopaludina_cathayensis 1.2860343 1.3782311 1.2586167 1.6092472 1.5929723 0.0000000 0.6174811 0.0831433 0.6229458 0.4167805 8.9999987 8.9999988 5.5386004 5.1430671 8.9999980 8.9999984 6.4611063 8.9999988 1.2523970 1.2745042 1.2948144 1.2077714 1.1134468 1.4816796 1.0446265 1.1354031 1.5123761 1.3214503 1.3445924 1.2336429 1.3595877 1.3927151 1.1688163 1.1427409 1.1097224 1.0912692 1.0925352 1.1456342 1.1691802 1.0979694 1.0641166 1.3908072 1.4178838 1.3457639 1.1771918 1.1108096 1.2620569 1.0659310 1.2918250 1.2815933 1.3384879 1.1189834 1.1076058 1.1368014 1.2563369 1.1026471 1.1156031 2.2043235 2.1710856 2.4501762 1.2344989 1.0907394 1.1463523 1.1295060 1.1059587 1.1559308 1.1585926 1.1717884 1.2104858 1.3312828 1.2811554 1.1538409 1.1288973 1.1191664 1.0898399 1.0927663 1.0899998 1.1305097 1.1348586 1.1618331 1.0819044 1.1738260 1.1671778 1.0939749 1.2571568 1.2193697 1.3808844 1.2163309 1.2318904 1.3309380 1.1936828 1.4130815 1.1977187 1.1955474 1.1920737 1.4939975 1.2071648 1.1964053 1.2359713 1.1922782 1.2374400 1.2486074 1.1514194 1.1764638 1.1505505 1.3272877 1.2149058 1.1769639 1.3399413 1.2181983 1.3990135 1.1191047 1.1305792 1.1305792 1.1545632 1.3497725 1.4685238 1.2307830 1.1320107 1.2307223 1.2297794 1.1693566 1.3109254 1.1849478 1.1512278 1.2791451 1.2650915 1.2132216 1.2097766 1.0442837 1.2675105 1.2583656 5.2751532 8.1062198 
Rivularia_globosa           1.0488019 1.1614452 1.0367580 1.2957654 1.3153908 0.6174811 0.0000000 0.5907660 0.1707133 0.6065446 3.9217780 3.7455344 4.9969529 4.9398193 3.9268442 3.8208855 5.8525338 4.0208691 1.0642146 1.0759821 1.1105339 0.9684677 0.8823347 1.2547672 0.7569447 0.8921879 1.1843080 1.0352222 1.0684582 0.9906029 1.1137537 1.2120779 1.0669068 0.9881298 0.8824826 0.8778872 0.9095877 0.8971434 0.9806861 0.8867505 0.8838959 1.1131816 1.1225436 1.1697462 0.9632624 0.9067857 0.9599061 0.8799015 0.9810072 1.0624379 1.0866471 0.9238758 0.9062925 0.9308837 1.1011278 0.9984495 0.9595746 1.6186952 1.6467804 1.9037151 1.0051384 0.9103828 0.9358551 0.9409493 0.8627827 0.9548479 0.9586607 0.9476966 1.0712721 1.1244264 1.0237436 0.9335667 0.9258539 0.8875104 0.8972192 0.8459316 0.8745822 0.9067188 0.9030713 0.9384005 0.8452855 0.8994833 0.9102233 0.8645592 1.0623842 1.0399962 1.1988892 1.0237561 1.0557970 1.1385576 0.9811673 1.2077386 0.9480490 0.9686233 0.9349486 1.2338095 0.9780190 0.9601511 0.9267032 0.9600054 0.9281033 0.9190540 0.9614675 0.9524842 0.8797409 1.0150376 0.9550476 0.9439475 1.0664980 0.9688794 1.1673202 0.8671507 0.8776344 0.8776344 0.9081314 1.0541779 1.1803118 0.9607858 0.9500427 0.9670980 1.0134447 0.9028900 1.1463005 0.9250088 0.9345067 0.9956707 0.9593615 0.9228086 0.9328060 0.8192092 1.0336052 0.9859554 3.2200558 3.9706252 
Margarya_melanioides        1.1381149 1.2053315 1.0873685 1.4176650 1.3742570 0.0831433 0.5907660 0.0000000 0.5781634 0.3804762 4.2916044 4.2438736 5.5666889 5.1131058 4.1562818 3.9402720 6.2140235 4.2224037 1.1285888 1.1326419 1.1573952 1.0484387 0.9037434 1.2669366 0.7824210 0.9861065 1.2827635 1.1518560 1.1698724 1.0815806 1.1967559 1.2383278 1.0515719 0.9984378 0.9795331 0.9499265 0.9462972 1.0123176 1.0401210 0.9735392 0.9335967 1.2261208 1.2473988 1.2013377 1.0455167 1.0102843 1.0771839 0.9424147 1.1022612 1.1535118 1.1874950 0.9799647 0.9772233 0.9739874 1.1328703 0.9742867 0.9533839 1.7592570 1.7238746 1.8939306 1.0881769 0.9584363 1.0192061 0.9971128 0.9567639 1.0248875 1.0433660 1.0098954 1.0662504 1.1860021 1.1026491 1.0034502 1.0055903 0.9729220 0.9810080 0.9314593 0.9577155 0.9896902 1.0061631 1.0350375 0.9479386 1.0003272 1.0018592 0.9675073 1.1081084 1.0924091 1.2435799 1.0994766 1.1307545 1.1942962 1.0663927 1.2568503 1.0644965 1.0563731 1.0419888 1.3261976 1.0857964 1.0605067 1.0406531 1.0569987 1.0479133 1.0608490 1.0316303 1.0536027 0.9991520 1.1502205 1.0345913 1.0308089 1.1448898 1.0384495 1.2535025 0.9705298 0.9587061 0.9587061 0.9801607 1.1430809 1.2588322 1.0536652 0.9930116 1.0734697 1.0757237 1.0072828 1.1622917 1.0217765 1.0149935 1.1015414 1.0854474 1.0251433 1.0321878 0.8864712 1.1009152 1.1029256 3.4695524 4.1913781 
Viviparus_chui              1.0439483 1.1360682 1.0123599 1.3285911 1.2901462 0.6229458 0.1707133 0.5781634 0.0000000 0.6149783 3.9825522 3.8520441 5.0505673 4.8368677 3.9187343 3.7988711 5.7216360 3.9501197 1.0594878 1.0662422 1.0837558 0.9696513 0.8870463 1.2304603 0.7580444 0.8913606 1.1667291 1.0406233 1.0639429 0.9980020 1.0956391 1.1759494 1.0550666 0.9746840 0.8947494 0.8915777 0.9155899 0.9104571 0.9751485 0.8998892 0.8990103 1.0749080 1.0866919 1.1238154 0.9377189 0.9015618 0.9598925 0.8705226 0.9630741 1.0532183 1.0766519 0.9216386 0.9013735 0.9198364 1.0732543 0.9839284 0.9169433 1.5926527 1.6908416 1.8926962 0.9833189 0.8977636 0.9403625 0.9409324 0.8774425 0.9513420 0.9661210 0.9605872 1.0328754 1.0937434 1.0110049 0.9184317 0.9196330 0.8875565 0.8951509 0.8320832 0.8710606 0.9047593 0.9041592 0.9362591 0.8687748 0.9138668 0.9171375 0.8563281 1.0528486 1.0361184 1.1899877 1.0221606 1.0667433 1.1215505 0.9732441 1.1696319 0.9331875 0.9675694 0.9278956 1.1943622 0.9780787 0.9528858 0.9221720 0.9485579 0.9254123 0.9263554 0.9433708 0.9689853 0.8993134 1.0118536 0.9533099 0.9370158 1.0571726 0.9723966 1.1392625 0.8681817 0.8867349 0.8867349 0.9145588 1.0362615 1.1500803 0.9589354 0.9431331 0.9629491 1.0078763 0.9055444 1.1264866 0.9128908 0.9300548 0.9858475 0.9495372 0.9255240 0.9172165 0.7985187 1.0178252 0.9958214 3.2520757 4.0755548 
Sinotaia_quadrata           1.1352304 1.1919973 1.1442459 1.3837449 1.4657770 0.4167805 0.6065446 0.3804762 0.6149783 0.0000000 4.3741451 4.1440581 5.4177064 5.2003887 4.2708051 3.7056301 6.2513598 4.0534220 1.1355606 1.1854483 1.0760021 1.1275545 0.9537832 1.3127344 0.9739360 0.9971018 1.2597163 1.1349932 1.1770816 1.0537702 1.2004438 1.2093030 1.0003308 0.9834979 1.0046699 0.9724362 0.9966895 1.0329683 1.0445069 1.0162886 0.9395488 1.1922332 1.2106815 1.1729733 1.0706694 1.1133498 1.0818759 0.9341481 1.1237204 1.1457110 1.1121226 0.9977775 1.0048314 1.0377312 1.1331526 0.9996399 0.9800658 2.0945671 2.1217439 2.2505632 1.1261877 0.9887615 1.0434352 1.0561030 0.9821820 1.0291964 1.0716477 1.0402849 1.0492734 1.1681184 1.1122877 1.0701307 1.0365962 1.0131348 1.0131723 0.9180277 0.9777740 1.0185007 1.0443006 1.0516476 0.9712585 0.9987994 1.0094237 0.9843773 1.1429964 1.1509202 1.1948672 1.1076057 1.1895684 1.2154622 1.1642038 1.2430631 1.1151340 1.1664910 1.0928343 1.3683399 1.0895056 1.1107220 1.1206231 1.0991363 1.0911565 1.0931544 1.0836777 1.1136954 1.0674708 1.1935129 1.1188330 1.0909380 1.1503853 1.0680549 1.2354518 1.0112413 1.0045844 1.0045844 1.0157290 1.1406903 1.2241303 1.0992593 1.0272022 1.1157175 1.0968822 1.0410638 1.2109904 1.0613803 1.0318226 1.0885634 1.1078375 1.0358877 1.0424320 0.9569846 1.1699248 1.1161991 3.5844286 4.5344832 
Maoricolpus_roseus          3.3582375 3.8635321 3.7846984 4.3097468 4.7604465 8.9999987 3.9217780 4.2916044 3.9825522 4.3741451 0.0000000 0.5577882 0.7044331 0.6917517 0.6393891 0.6044494 0.7375341 0.7247450 3.3326497 3.4257051 2.9865367 3.2064312 3.5898390 3.6815070 2.3296913 2.8820382 3.2726955 3.2304294 3.1132684 3.1624657 3.2451237 3.1430178 2.9050659 2.8659738 3.0216136 3.0881048 3.0509328 3.0548968 3.0656848 3.0784234 2.9832470 3.4408749 3.3959080 3.0690318 3.2870593 3.2677745 3.3792430 3.2439346 3.2355488 3.0939363 3.0840127 2.9032620 3.0228732 3.1155894 3.0524189 2.9783705 2.9442590 6.4917704 6.3899086 6.7021836 3.0387593 2.8326065 3.0107344 2.8173625 2.7827943 2.8380708 3.0571380 3.0296027 2.9070600 3.0869011 2.9041160 2.9085510 2.8457488 2.8832261 2.8814236 2.9230437 2.8115312 2.8562570 2.8218431 2.9062155 2.8299588 2.7655380 2.7842454 2.8234353 3.0844903 3.2776315 3.0092662 3.1610782 3.1365605 3.2681041 3.5592656 3.1295781 3.0270004 2.9823179 2.8979305 3.1740949 3.0166523 3.0351890 3.1052214 3.0695664 2.9940533 3.0220317 3.1414258 2.9282653 2.8727130 3.0111257 3.1034905 3.2623164 3.4217819 3.2931238 2.9818329 3.0658019 3.0410674 3.0410674 3.1164245 3.2028201 3.1485896 3.3706883 3.1566909 3.1421771 3.1309184 3.0803839 3.3607038 3.1777179 3.1673931 3.3752070 3.4172718 3.0981129 3.2950333 3.0004698 2.9793833 3.1581981 7.1415523 7.9113874 
Batillaria_attramentaria    3.2336090 3.6273872 3.5484074 4.1616683 4.5647729 8.9999988 3.7455344 4.2438736 3.8520441 4.1440581 0.5577882 0.0000000 0.5809063 0.6234477 0.5485452 0.4993090 0.6785812 0.6214789 3.0996430 3.2830403 2.9216681 3.0215148 3.5118735 3.5250049 2.2814982 2.7202579 3.2028952 3.1333433 2.9467575 2.9052930 3.0246131 2.9921249 2.6556564 2.6624121 2.9159329 2.8705941 2.8108573 2.7855900 2.7980786 2.7823225 2.8541271 3.1495738 3.1152970 3.0290137 3.0912309 3.1959286 3.0736985 2.9182029 3.0057458 3.0097735 2.8892076 2.7151287 2.8252550 2.9265789 2.7295108 2.8766279 2.8993800 6.4420580 6.3943084 6.6979968 3.0135163 2.7180345 2.7850964 2.6725511 2.6505087 2.6791014 2.7976740 2.8038605 2.7135665 2.9732448 2.8023306 2.7398273 2.8534920 2.8256990 2.7986749 2.8378628 2.8486530 2.7784468 2.8131971 2.7905058 2.6884520 2.6006440 2.6552995 2.7947927 2.9165863 3.1840140 2.9861416 2.9143390 3.1304917 3.1127750 3.2847172 3.0084276 2.9252386 2.8396960 2.8129160 3.0391661 2.8857935 2.8460366 2.9593265 2.9566122 2.8597210 2.8449846 2.9264152 2.6952750 2.6842907 2.7356977 3.1153066 3.0835403 3.1614371 3.0034766 2.9194392 2.9282945 2.9191561 2.9191561 2.8095980 3.1443592 3.0756934 3.2153468 2.9737283 3.0006065 2.9571327 2.8673377 3.2323252 2.9425357 2.9899993 3.1524756 3.2696488 3.0300865 3.0215642 3.0366777 2.9618392 3.0078438 6.9668954 7.7807499 
Koreoleptoxis_nodifila      4.1271262 4.4273448 4.6678849 4.9282864 6.6231038 5.5386004 4.9969529 5.5666889 5.0505673 5.4177064 0.7044331 0.5809063 0.0000000 0.5417546 0.5677728 0.2286548 0.6393072 0.6177587 3.6167372 3.7245685 3.3112626 3.5303527 8.9999983 4.2511372 8.2323274 3.0053661 3.6315648 3.5729326 3.3206626 3.2906876 3.5365054 3.4541112 3.3022725 3.2889500 3.3943991 3.2162704 3.1846013 3.3310308 3.1431693 3.1853741 3.2532708 3.5655991 3.5117795 3.4882651 3.5304555 3.4798363 3.6208439 3.3598157 3.6228782 3.7210700 3.6961291 3.4922876 3.3484031 3.5785015 3.2371290 3.4696658 3.3187688 8.9999989 8.9999983 8.9999984 3.3618418 3.1414896 3.3855709 3.1479991 3.0006521 2.9757855 3.2584268 3.2449556 3.2746306 3.3942126 3.1015507 2.9151046 3.1732451 2.9949147 3.0504466 3.2696025 3.0597662 3.0007231 2.9326857 3.1227276 2.9462790 2.8552847 2.9707630 3.1767100 3.4991907 3.8723961 3.5147577 3.3539953 3.4892646 3.5645746 3.7183768 3.4131636 3.2903226 3.3273686 3.3036837 3.7336037 3.3348600 3.3448419 3.4341380 3.2996408 3.2514504 3.1877332 3.3008289 3.1936976 3.1393415 3.1252941 3.6119321 3.5844477 3.4342903 3.3733642 3.1663660 3.2045638 3.4043047 3.4043047 3.3056432 3.6585046 3.7055904 3.5870191 3.2857694 3.3887754 3.4155236 3.1856958 3.8354510 3.3530285 3.2558807 3.4769143 3.4766848 3.2851760 3.4620015 4.4707313 3.2700816 3.2372462 8.9999989 8.9999986 
Pseudocleopatra_dartevellei 4.3682520 4.7494841 4.6630033 5.2294026 6.6470894 5.1430671 4.9398193 5.1131058 4.8368677 5.2003887 0.6917517 0.6234477 0.5417546 0.0000000 0.5813959 0.5712207 0.6683954 0.5725269 3.7927614 4.0605686 3.5251129 3.6784886 8.9999984 4.5065627 8.9999987 3.3460804 3.9731230 3.7442569 3.5898408 3.4526384 3.6265066 3.6951296 3.4409453 3.4613129 3.4018177 3.4410091 3.4418391 3.5437071 3.3894808 3.4677093 3.4737060 4.0457784 4.0157364 3.5350509 3.7102763 3.7513541 4.0659588 3.5012708 3.8700979 3.8006892 3.9539461 3.6340348 3.4198875 3.8146729 3.4333436 3.5774855 3.3946174 8.9999989 8.9999983 8.9999987 3.6380753 3.3581634 3.5796833 3.3019973 3.1184982 3.3467474 3.5306352 3.5061328 3.5771598 3.5524720 3.3119863 3.2161047 3.2592704 3.1850937 3.3496386 3.5288931 3.2500016 3.3157144 3.3098601 3.5537104 3.1951051 3.1510896 3.2146733 3.3463387 3.7356992 3.9073507 3.7953366 3.4370738 3.8438400 3.6312935 3.9672342 3.9144008 3.4801453 3.7428282 3.5830102 3.8226411 3.5819452 3.5773529 3.5850955 3.6339490 3.5320113 3.5707585 3.5871277 3.3288334 3.3200423 3.2608535 3.8936474 3.9071746 3.7865316 3.6628430 3.3295198 3.2946135 3.7266827 3.7266827 3.4530476 3.7009531 3.8225860 3.8327832 3.4948371 3.6089794 3.6882374 3.4320298 3.9547816 3.5353746 3.5274795 3.8520529 3.7068051 3.4893435 3.5956692 5.0130399 3.6354891 3.5334220 8.9999985 8.9999988 
Cerithidea_obtusa           3.3149204 3.7267705 3.8302837 4.3573524 4.5469869 8.9999980 3.9268442 4.1562818 3.9187343 4.2708051 0.6393891 0.5485452 0.5677728 0.5813959 0.0000000 0.4989480 0.7623027 0.6016150 3.1953632 3.3328197 3.0230899 3.1230777 3.6733105 3.4585563 2.2789586 2.9181980 3.2764037 3.2165347 3.0031485 3.1489259 3.1218980 3.0284835 2.8069811 2.7980217 3.0244625 2.9497032 2.9675456 3.0537460 2.9421410 2.8575618 3.1043301 3.1069662 3.1069087 3.0947791 3.0796041 3.2255363 3.1833995 2.9990347 3.0912111 3.0818348 3.0746354 2.8754929 3.0133511 2.9758175 2.8845952 2.9632546 2.9156345 5.8083978 5.9483118 6.5836735 3.0511435 2.8497883 2.9230298 2.8401516 2.7325845 2.7741935 2.9138343 2.9051741 2.8885667 3.0090328 2.9148453 2.7867463 2.8401697 2.8753207 2.8191918 2.9556329 2.8869027 2.7647019 2.7337308 2.8390126 2.7767078 2.6877582 2.7102861 2.8222803 3.0396686 3.2113623 3.0389920 2.9337804 3.0657594 3.2190106 3.2946067 2.9547433 2.9002070 2.8982118 2.9398886 2.9401233 2.9486849 2.9737729 3.0074284 2.9598071 2.9681914 3.0185169 2.9183113 2.8000512 2.8661629 2.9845754 3.2662687 3.2748907 3.2493789 3.1727596 2.9910731 3.0280016 3.0705416 3.0705416 3.0018796 3.0973278 3.0609801 3.1726848 2.9904508 3.0922708 3.0431130 3.0213647 3.2909152 2.9898339 3.0812138 3.2340927 3.2380992 3.1267326 3.2272641 3.0560259 2.9430113 3.0365511 7.3366914 7.4092368 
Semisulcospira_coreana      3.1639391 3.3320578 3.6064616 4.0356824 4.3000130 8.9999984 3.8208855 3.9402720 3.7988711 3.7056301 0.6044494 0.4993090 0.2286548 0.5712207 0.4989480 0.0000000 0.7275183 0.5562650 2.9380052 3.1009664 2.8812798 2.9179668 3.3656712 3.2915459 2.2441373 2.6010242 3.0213521 2.8908719 2.8627874 2.8824968 2.9990170 2.9453848 2.5940822 2.6209649 2.8349401 2.8122836 2.6567198 2.7014470 2.7136918 2.6922985 2.7016962 2.9867188 3.0020182 2.8657500 2.9566429 3.1228450 2.8622120 2.8501392 2.8382164 2.9743591 2.9517351 2.7111765 2.7427593 2.8385652 2.7602114 2.7598165 2.7697252 5.9861871 6.1620208 6.2900103 2.8336103 2.5459056 2.6611243 2.5558147 2.6248343 2.6075177 2.6295766 2.6391085 2.6661420 2.7844177 2.6480233 2.6455715 2.6661355 2.7305050 2.6327261 2.7454839 2.6264812 2.6451382 2.6804343 2.7130645 2.6357414 2.5371855 2.6083571 2.6600001 2.9321196 3.1039092 2.8403014 2.8668906 2.9032620 3.0641883 3.2508806 2.8489086 2.7754671 2.7520906 2.7163556 2.9786767 2.8381536 2.7497485 2.9831389 2.8387051 2.7993477 2.7739065 2.7527304 2.6972103 2.7380658 2.6583174 3.0581792 3.0328730 2.9948170 2.9019573 2.7473339 2.8500066 2.8491426 2.8491426 2.7692205 3.0332452 3.0213411 3.0916046 2.8134479 2.8857103 2.8803278 2.7739247 3.1779842 2.9708840 2.8455205 2.9436262 3.1035735 2.9138859 2.9308913 2.9543340 2.7746234 2.8206246 7.4137357 8.0729574 
Tylomelania_sarasinorum     5.0220671 5.7962102 5.8301683 6.6675168 8.5285670 6.4611063 5.8525338 6.2140235 5.7216360 6.2513598 0.7375341 0.6785812 0.6393072 0.6683954 0.7623027 0.7275183 0.0000000 0.7823101 4.6097685 4.7692778 4.1324158 4.3495335 8.9999984 5.6424526 8.9999986 3.9192886 4.3342232 4.2392280 4.0733561 4.1979882 4.2872168 4.6370057 4.0089395 4.0407547 4.3697084 3.9639104 4.1077497 4.0118881 4.0273053 4.1228686 4.1336756 4.9564279 5.0142079 4.5595476 4.3263221 4.3185476 4.4002589 4.1830836 4.5382384 4.6703057 4.7861260 4.3830027 4.2904331 4.6071091 4.2120548 4.4599949 4.0073408 8.9999988 8.9999990 8.9999981 4.3546081 4.0058367 4.1323982 4.1911472 3.6822223 4.1034065 4.5184879 4.1077994 4.2087562 4.4866844 3.9275699 3.7830664 4.1762130 3.7646519 4.1657923 3.9273130 3.7933131 3.8354898 3.8168496 4.2404754 3.7100557 3.7190911 3.6952831 3.7997063 4.7414886 4.8986023 4.7128508 4.4508270 4.5706094 4.6399158 4.5761386 4.5833462 4.4686649 4.3789296 4.4182192 4.6956489 4.4547168 4.2715147 4.1879623 4.6073276 3.9530690 3.9485009 4.2885430 4.0246862 3.7262384 3.6558057 4.4888389 4.6651902 4.1450664 4.2419786 4.2693244 4.0337084 3.9669537 3.9669537 3.9309972 4.4221256 4.7573560 4.3617978 4.4064237 4.4185474 4.5125866 3.8308671 4.9334878 4.0023485 4.2730345 4.0828957 4.3398569 4.1368299 4.3175029 6.4227949 4.4881543 4.2016317 8.9999982 8.9999987 
Melanoides_tuberculata      3.3883616 3.7240559 3.7041825 4.4226513 5.0610743 8.9999988 4.0208691 4.2224037 3.9501197 4.0534220 0.7247450 0.6214789 0.6177587 0.5725269 0.6016150 0.5562650 0.7823101 0.0000000 3.0614299 3.2951749 2.8910106 3.2384845 3.8061969 3.5514286 2.3282276 2.8613964 3.2278429 3.1197469 2.9942147 3.0874999 3.1244640 3.0646126 2.7443208 2.6689767 3.0036853 2.9092411 2.9368767 2.9612454 2.9763469 2.9846555 2.9213518 3.1272177 3.1398914 3.1970377 3.0689108 3.2467836 3.1430353 3.0042117 3.0338051 3.0888862 3.0437469 2.9172854 2.8998496 2.9471348 2.9793125 2.9185900 2.8645132 6.2075376 6.4798701 6.8060680 2.9771433 2.7602574 2.8944056 2.7341028 2.7978967 2.7162065 2.9933633 2.9593279 2.8284794 3.0370820 2.9041698 2.8035975 2.8677457 2.8239731 2.8510504 2.9700340 2.9639979 2.8568517 2.8888824 2.8640259 2.8762560 2.6103389 2.7100309 2.8970425 3.0850724 3.3558533 3.0318187 3.0263336 3.2442617 3.2663679 3.4857433 3.0441980 2.9566225 2.9572483 2.9733547 3.1662432 2.9587816 2.9073214 3.0535251 2.8766644 2.9846019 2.9864474 3.0697402 2.8017244 2.8409844 2.8937408 3.2578749 3.2509423 3.3013479 3.2056876 2.9262279 2.9669944 3.0408838 3.0408838 2.9141822 3.1804243 3.2093486 3.4217096 2.9553596 3.0956590 3.0280979 3.0898669 3.4146892 3.1130904 3.1066818 3.1635847 3.2809969 3.2279346 3.2481057 3.0491916 3.0898626 3.1644357 6.9250978 7.4322376 
Alviniconcha_marisindica    0.9363673 0.9670087 0.9254154 1.1508875 1.2560317 1.2523970 1.0642146 1.1285888 1.0594878 1.1355606 3.3326497 3.0996430 3.6167372 3.7927614 3.1953632 2.9380052 4.6097685 3.0614299 0.0000000 0.4334250 0.5885659 0.5247737 0.8058551 1.0447446 0.6657219 0.6048168 0.7714751 0.6612340 0.7200815 0.6654852 0.7347353 0.7389017 0.6870024 0.6994946 0.5799619 0.5790560 0.5757256 0.6000549 0.6509189 0.5850797 0.5657043 0.7870709 0.7803512 0.7371718 0.6900337 0.6618772 0.7043933 0.6074680 0.7004333 0.7665272 0.6845416 0.6395095 0.6179108 0.6353922 0.7018339 0.7115728 0.7012915 1.3920693 1.4912777 1.7249075 0.6642195 0.6517484 0.6421749 0.6493774 0.6029306 0.6484925 0.6766620 0.6749110 0.7257637 0.7698603 0.6860883 0.6356653 0.6546288 0.6123110 0.6152324 0.6486492 0.5985508 0.6236170 0.6379635 0.6500026 0.5954472 0.6009998 0.6215718 0.5921711 0.8467471 0.8289173 0.8635670 0.7222928 0.7447732 0.8153794 0.7837639 0.8003146 0.7311781 0.6838848 0.6843603 0.8572461 0.6833278 0.6737788 0.6565298 0.7241535 0.6546671 0.6483748 0.7012554 0.6970368 0.6393365 0.7344505 0.7331718 0.7382038 0.8509350 0.7627345 0.8118343 0.6902296 0.7089302 0.7089302 0.6653846 0.8093304 0.9035793 0.7425912 0.6746702 0.6859468 0.6913489 0.6453320 0.8339346 0.6531801 0.7049334 0.7094245 0.7074364 0.6603141 0.6682886 0.6049700 0.7483627 0.6759679 2.9614175 3.7275871 
Ifremeria_nautilei          0.9840769 1.0478806 0.9506096 1.1733271 1.3033935 1.2745042 1.0759821 1.1326419 1.0662422 1.1854483 3.4257051 3.2830403 3.7245685 4.0605686 3.3328197 3.1009664 4.7692778 3.2951749 0.4334250 0.0000000 0.5403442 0.5268923 0.8020667 0.9789229 0.6849738 0.6366006 0.6799171 0.6707382 0.6672544 0.6828958 0.6744439 0.7066447 0.6825480 0.7071958 0.6236724 0.6071371 0.6167874 0.6262757 0.6339986 0.6232926 0.6142329 0.8134851 0.8092753 0.6477709 0.6971017 0.6697629 0.7381776 0.6264274 0.7213842 0.7286783 0.7464016 0.6820938 0.6612058 0.6734951 0.7018706 0.6876000 0.6665808 1.4882564 1.5896590 1.7671690 0.6798797 0.6580135 0.6579910 0.6862239 0.6341716 0.6883575 0.7229884 0.7126680 0.6732909 0.7093510 0.7205425 0.6768998 0.6713785 0.6399185 0.6640786 0.7002807 0.6759733 0.6471512 0.6692983 0.6953117 0.6316593 0.6407775 0.6471279 0.6287016 0.7845547 0.8461107 0.7858406 0.7535218 0.7697358 0.7802957 0.8081858 0.7508607 0.7237613 0.7051011 0.7271379 0.7993166 0.7159231 0.7041990 0.6709494 0.7369124 0.7003916 0.7018088 0.7191511 0.7192959 0.6671037 0.7572732 0.7610444 0.7548753 0.8600650 0.7926492 0.7445771 0.7066555 0.7568666 0.7568666 0.7180719 0.7982917 0.8838368 0.7683195 0.7232099 0.7454693 0.7115714 0.6953712 0.7825698 0.7219860 0.7449021 0.7487559 0.7213275 0.7194024 0.7090957 0.6459168 0.7804199 0.7082653 2.9535730 3.8048415 
Provanna_glabra             0.9214295 0.9994174 0.8364571 1.1077862 1.1699462 1.2948144 1.1105339 1.1573952 1.0837558 1.0760021 2.9865367 2.9216681 3.3112626 3.5251129 3.0230899 2.8812798 4.1324158 2.8910106 0.5885659 0.5403442 0.0000000 0.4540649 0.7420350 0.9214968 0.6172793 0.5663381 0.7703252 0.6581945 0.7362502 0.6646893 0.7781692 0.7826756 0.6815808 0.6279050 0.5018075 0.4805665 0.4982175 0.5150824 0.5549823 0.5230081 0.4827101 0.7159163 0.7126375 0.7433746 0.6066198 0.6407450 0.6498125 0.5566005 0.6405691 0.6897255 0.6956119 0.5749160 0.5720611 0.5670527 0.6702695 0.6600204 0.6244444 1.3563976 1.4501604 1.6295288 0.5775262 0.5463967 0.5704005 0.5812664 0.5229355 0.5794532 0.6241678 0.6119725 0.7106676 0.7857320 0.6382539 0.5877105 0.5741176 0.5535967 0.5642162 0.5444603 0.5403533 0.5556995 0.5780019 0.5813171 0.5207111 0.5376520 0.5462172 0.5325698 0.8000212 0.7500491 0.8871277 0.6749129 0.7204612 0.8758147 0.7606112 0.7818095 0.6626261 0.6271348 0.6205632 0.8736630 0.6261571 0.6165145 0.6330077 0.6619561 0.5718798 0.5723320 0.6418080 0.6559502 0.6059793 0.6977159 0.6708797 0.6861487 0.7687402 0.7070071 0.7537871 0.5900659 0.6036233 0.6036233 0.6040645 0.7040725 0.8000447 0.6639071 0.6305136 0.6485334 0.6293185 0.6035220 0.8446315 0.5874917 0.6423281 0.6244756 0.6445643 0.5947781 0.5973108 0.5383160 0.6875959 0.6254713 2.8959832 3.5752600 
Desbruyeresia_armata        0.9002128 0.9460857 0.8729032 1.0718079 1.2195292 1.2077714 0.9684677 1.0484387 0.9696513 1.1275545 3.2064312 3.0215148 3.5303527 3.6784886 3.1230777 2.9179668 4.3495335 3.2384845 0.5247737 0.5268923 0.4540649 0.0000000 1.3313567 0.8522580 0.8465557 0.6443884 0.6935577 0.7706342 0.6826424 0.6553711 0.7005017 0.6228750 0.6105064 0.6219869 0.5464706 0.5470371 0.5311076 0.5544476 0.5398847 0.5486671 0.5397615 0.7418103 0.7396472 0.5808568 0.6436228 0.6425931 0.8495368 0.6017506 0.7910979 0.6555901 0.6463052 0.5762264 0.5650839 0.5753613 0.5946761 0.5953939 0.7285368 1.3600096 1.4292754 1.6182220 0.6059483 0.5708162 0.6126468 0.5986484 0.6223910 0.5949404 0.6099981 0.7131893 0.6040801 0.6639565 0.7030741 0.6583889 0.5899425 0.6276400 0.6040823 0.6597377 0.6428391 0.6346018 0.6536182 0.6004985 0.6292199 0.6386031 0.6371738 0.6355780 0.7147060 0.7295944 0.7081246 0.6432974 0.6916542 0.6985376 0.7470578 0.6674763 0.6279235 0.6216192 0.6330842 0.7032776 0.6200791 0.5818870 0.6762790 0.6248575 0.6571432 0.6476094 0.6475743 0.6249352 0.6865980 0.7699677 0.7459452 0.7630489 0.8511635 0.7619177 0.6525670 0.6791849 0.6710791 0.6710791 0.6847388 0.7485939 0.7481916 0.7733205 0.6220505 0.6412001 0.6265716 0.6467847 0.7239580 0.7604339 0.6397507 0.7231881 0.7136814 0.6649463 0.6819696 0.6558680 0.6558476 0.6644711 3.5599724 3.3345027 
Epitonium                   0.8545090 0.8891924 0.8197170 1.0585537 1.1068943 1.1134468 0.8823347 0.9037434 0.8870463 0.9537832 3.5898390 3.5118735 8.9999983 8.9999984 3.6733105 3.3656712 8.9999984 3.8061969 0.8058551 0.8020667 0.7420350 1.3313567 0.0000000 0.8676833 1.1259053 1.1433408 1.2748734 1.4353127 1.1464137 1.1558818 1.1871231 0.8138377 0.7260401 0.7238047 0.7535042 0.7339287 0.7416764 0.7407474 0.7306852 0.7531360 0.7217980 0.8767518 0.8735197 0.7955734 0.8082028 0.7941536 1.4764292 0.7168229 1.4348490 0.7999289 0.8022930 0.7049723 0.7463071 0.7436495 0.7609948 0.7113280 1.2362217 1.2680867 1.2252987 1.3016844 0.7960478 0.7694719 0.7629827 0.7434768 1.0757326 0.7644506 0.7521561 1.3021886 0.7206022 0.7930577 1.2963531 1.1247752 0.7127677 1.1174098 0.7365125 1.0773497 1.0827081 1.1163157 1.1283668 0.7635216 1.0770567 1.1143360 1.1198950 1.0616446 0.8119114 0.8406658 0.8055720 0.8272573 0.8511877 0.8065818 0.8543554 0.8207474 0.7963730 0.8092979 0.7531420 0.8515517 0.8157384 0.7725171 1.2840793 0.7727525 1.1653685 1.1567181 0.8154700 0.7696016 1.1514574 1.2927357 1.2316713 1.2089235 1.3032160 1.2456930 0.7583128 1.0822486 1.0705721 1.0705721 1.0848754 1.1623636 0.8018140 1.1473559 0.7741128 0.7908045 0.7914196 1.1451189 0.7893625 1.3359959 0.7584819 1.1691483 1.2289068 1.1391655 1.1339708 1.1271806 0.7847257 1.1352872 2.5627346 3.6534809 
Desmaulus_extinctorium      1.0504418 1.1173004 1.0501157 1.2887875 1.3956745 1.4816796 1.2547672 1.2669366 1.2304603 1.3127344 3.6815070 3.5250049 4.2511372 4.5065627 3.4585563 3.2915459 5.6424526 3.5514286 1.0447446 0.9789229 0.9214968 0.8522580 0.8676833 0.0000000 0.4873954 0.7871240 1.0076576 0.8940211 0.9534136 0.8626113 0.9616245 0.9634978 0.8581425 0.8519022 0.8158064 0.8116728 0.8198623 0.8304651 0.8990159 0.8275616 0.8012925 1.0315396 1.0438362 0.9648609 0.9282829 0.8406642 0.9413087 0.8227008 0.9477581 0.9975574 0.8999002 0.8182897 0.8152452 0.7925785 0.9370268 0.8589069 0.8522867 1.6454926 1.6025306 1.8717006 0.8274791 0.7900694 0.8060408 0.7965926 0.7486053 0.8060419 0.8282108 0.8016563 0.8599169 0.9978272 0.8349846 0.7680703 0.7995846 0.7600277 0.7758132 0.7612409 0.7759671 0.7904598 0.7701000 0.8228420 0.7409765 0.7411283 0.7575683 0.7470516 0.9520189 0.9528796 0.9862519 0.8688898 0.9068673 0.9605246 0.8532828 0.9371872 0.8461046 0.8589660 0.8327307 1.0304755 0.8249933 0.8145361 0.8457705 0.8623342 0.8020520 0.7989852 0.8356218 0.8877165 0.8176883 0.9112688 0.8744288 0.8541886 0.9250078 0.8446120 0.9545058 0.7497161 0.7779356 0.7779356 0.7619610 0.9367353 1.0733874 0.8479142 0.8070481 0.8344728 0.8470768 0.8312774 0.9349608 0.8086061 0.8232330 0.8486159 0.8790858 0.8236943 0.8311594 0.7128153 0.8941809 0.8652265 3.2780422 4.0899619 
Calyptraea_chinensis        0.7614100 0.8494638 0.7545037 0.9515304 0.9676224 1.0446265 0.7569447 0.7824210 0.7580444 0.9739360 2.3296913 2.2814982 8.2323274 8.9999987 2.2789586 2.2441373 8.9999986 2.3282276 0.6657219 0.6849738 0.6172793 0.8465557 1.1259053 0.4873954 0.0000000 0.7394930 0.8326011 0.8154145 0.7890496 0.7667477 0.8315865 0.6320077 0.5186432 0.5124554 0.5886922 0.5909663 0.6025657 0.6153828 0.6107783 0.6215744 0.5995634 0.7026334 0.7092705 0.6408581 0.6661217 0.6955057 0.8645739 0.5849854 0.8430901 0.6827010 0.6141758 0.5827947 0.5629383 0.5703570 0.6311501 0.5565908 0.7280162 1.2992328 1.1787462 1.3650606 0.6163478 0.5485031 0.5861514 0.5508929 0.7048370 0.5630013 0.6030431 0.7561726 0.5157379 0.5944824 0.7241334 0.7567043 0.5688525 0.7222748 0.5712312 0.7254006 0.6914548 0.7115026 0.7191338 0.5733735 0.7116035 0.7171434 0.7358015 0.6621116 0.6482331 0.6509940 0.6313952 0.6350841 0.6691338 0.6175302 0.6256421 0.6025643 0.6327202 0.6076352 0.5790334 0.6971017 0.5943696 0.6239917 0.8089087 0.6583688 0.7773055 0.7862577 0.6436767 0.6194061 0.7758945 0.8129812 0.8580492 0.8541365 0.9044335 0.8345801 0.6137684 0.7314154 0.6995334 0.6995334 0.6970309 0.8202821 0.6261103 0.8313122 0.6069222 0.5939921 0.6164335 0.7661079 0.6730629 0.7488459 0.5741537 0.7691739 0.7878070 0.7928623 0.7732355 0.7773189 0.5813371 0.8328366 1.8192104 2.3088706 
Erronea_errones             0.8899946 0.9134549 0.8284288 1.0665890 1.1659190 1.1354031 0.8921879 0.9861065 0.8913606 0.9971018 2.8820382 2.7202579 3.0053661 3.3460804 2.9181980 2.6010242 3.9192886 2.8613964 0.6048168 0.6366006 0.5663381 0.6443884 1.1433408 0.7871240 0.7394930 0.0000000 0.3399897 0.3293643 0.2353752 0.1724912 0.2826121 0.2371733 0.4980622 0.5003720 0.5409763 0.5260732 0.5343895 0.5433683 0.5520129 0.5571844 0.5292422 0.7092313 0.7158967 0.6256898 0.6279382 0.6207409 0.7047590 0.5526302 0.7046942 0.5741566 0.5849868 0.5245757 0.5229783 0.5250747 0.5174945 0.5153361 0.5679759 1.3283417 1.4546165 1.5932450 0.5254559 0.4882586 0.5042671 0.5114882 0.5113206 0.4967550 0.5272042 0.5683576 0.5134366 0.5559850 0.5333823 0.5767627 0.5139348 0.5371448 0.4895883 0.5560838 0.5300335 0.5352557 0.5531906 0.5007771 0.5070675 0.5131163 0.5319811 0.5081063 0.6238072 0.6435808 0.6330773 0.5577361 0.6151206 0.6085173 0.6340525 0.5655504 0.5534616 0.5604614 0.5182867 0.6401552 0.5172644 0.5159548 0.6040557 0.5388539 0.5709199 0.5695335 0.5644579 0.5487084 0.5841548 0.6268062 0.6703595 0.6615217 0.7737965 0.6765943 0.5677319 0.5771394 0.5800794 0.5800794 0.5654743 0.6558319 0.6554439 0.6764600 0.5179664 0.5388234 0.5545886 0.5697109 0.6522733 0.5936229 0.5532149 0.6382446 0.6342330 0.5822543 0.6029910 0.5739111 0.5756627 0.5994678 3.3046716 3.0688476 
Naria_erosa                 1.0243914 1.1031717 0.9538289 1.2138881 1.2857333 1.5123761 1.1843080 1.2827635 1.1667291 1.2597163 3.2726955 3.2028952 3.6315648 3.9731230 3.2764037 3.0213521 4.3342232 3.2278429 0.7714751 0.6799171 0.7703252 0.6935577 1.2748734 1.0076576 0.8326011 0.3399897 0.0000000 0.2019332 0.3895090 0.3873629 0.4099412 0.4149352 0.7702402 0.7170692 0.6550367 0.6604146 0.6570691 0.6685250 0.7362290 0.6702190 0.6625305 0.8061485 0.8025270 0.8702813 0.7175050 0.7744875 0.7619761 0.7069055 0.7703405 0.7255478 0.6662223 0.6223765 0.6239253 0.6096833 0.7146369 0.6925832 0.7131503 1.3938128 1.5145030 1.6733642 0.5711083 0.5865111 0.6042422 0.5987967 0.6027592 0.5890622 0.6179925 0.6488121 0.7606789 0.7753129 0.6367119 0.6448899 0.5984534 0.6258724 0.5881813 0.6946408 0.6251413 0.6085208 0.6117999 0.5836785 0.6019176 0.5998466 0.6086105 0.6035348 0.7871064 0.7678256 0.8306937 0.6718858 0.6915915 0.8179159 0.7368972 0.7700633 0.6304195 0.6110171 0.6055988 0.7519151 0.6224688 0.5824353 0.6551560 0.6370702 0.6584407 0.6421110 0.6606893 0.6251820 0.6646934 0.6769061 0.7607650 0.7727852 0.8778458 0.8097738 0.7427180 0.6735386 0.7095178 0.7095178 0.6757914 0.7877433 0.7800777 0.7867891 0.6174651 0.6374058 0.6468675 0.6567325 0.8373483 0.6624390 0.6483088 0.6862558 0.6718702 0.6764041 0.6796626 0.6782593 0.6716721 0.6303314 3.8609067 3.4304738 
Monetaria_annulus           0.9792984 1.0357973 0.8828924 1.1908703 1.2924166 1.3214503 1.0352222 1.1518560 1.0406233 1.1349932 3.2304294 3.1333433 3.5729326 3.7442569 3.2165347 2.8908719 4.2392280 3.1197469 0.6612340 0.6707382 0.6581945 0.7706342 1.4353127 0.8940211 0.8154145 0.3293643 0.2019332 0.0000000 0.3650318 0.3690488 0.3905990 0.3652620 0.6187412 0.5920494 0.6146010 0.6054096 0.6330450 0.6200471 0.6428398 0.6351337 0.6142046 0.7562587 0.7581906 0.7327719 0.6951840 0.7235563 0.8211391 0.6530396 0.7912211 0.6409345 0.6323428 0.5786758 0.5813675 0.5813831 0.5979697 0.6112214 0.7227008 1.3945622 1.4874614 1.6441278 0.5667598 0.5459624 0.5656660 0.5568102 0.5939070 0.5580200 0.6097002 0.7133259 0.6433984 0.6815118 0.7013840 0.6061154 0.5783807 0.5997396 0.5728549 0.6711966 0.6114262 0.5958440 0.6013776 0.5570985 0.5928268 0.5759401 0.5940497 0.5934933 0.7024052 0.7207991 0.7209666 0.6522063 0.6709845 0.7275798 0.7180840 0.6628131 0.6037850 0.5940145 0.5830263 0.7279095 0.5998144 0.5701412 0.6684552 0.6101173 0.6332179 0.6262647 0.6266821 0.5976317 0.6558182 0.7533558 0.7275508 0.7526796 0.8533724 0.7749243 0.6556285 0.6625759 0.6804125 0.6804125 0.6494169 0.7541722 0.7274109 0.7584951 0.6027030 0.6285355 0.6381796 0.6511395 0.7822855 0.7330271 0.6112130 0.6768449 0.6506767 0.6608822 0.6742030 0.6507961 0.6261889 0.6100913 3.6246284 3.5343126 
Mauritia_arabica            0.9840451 0.9977985 0.8926264 1.1436672 1.2557832 1.3445924 1.0684582 1.1698724 1.0639429 1.1770816 3.1132684 2.9467575 3.3206626 3.5898408 3.0031485 2.8627874 4.0733561 2.9942147 0.7200815 0.6672544 0.7362502 0.6826424 1.1464137 0.9534136 0.7890496 0.2353752 0.3895090 0.3650318 0.0000000 0.2864475 0.3158678 0.2709743 0.6630746 0.6556089 0.5950176 0.6194406 0.6013120 0.6272642 0.7133219 0.6273938 0.6153395 0.7403691 0.7464346 0.7940592 0.6799920 0.7093730 0.7427508 0.6353796 0.7455048 0.7103519 0.6594972 0.5958121 0.5806840 0.5814090 0.6415281 0.6491392 0.6672682 1.3910305 1.4988686 1.6584208 0.5519006 0.5410004 0.5636650 0.5673324 0.5829387 0.5709705 0.5961374 0.6143725 0.6760606 0.7020057 0.5969313 0.6192122 0.5768634 0.6012365 0.5708227 0.6446882 0.6017668 0.5947752 0.6060609 0.5704016 0.5745092 0.5748689 0.5923542 0.5866350 0.7227674 0.7179110 0.7385134 0.6394227 0.6894648 0.7381547 0.6941462 0.7245012 0.6012435 0.5997499 0.5724349 0.7281460 0.5910069 0.5703477 0.6347740 0.6246725 0.6230933 0.6236138 0.6330263 0.5909888 0.6228810 0.6380539 0.7162224 0.7357813 0.8256061 0.7637946 0.7138853 0.6287654 0.6811100 0.6811100 0.6288004 0.7367554 0.7504943 0.7358462 0.5971546 0.6232033 0.6422676 0.6300328 0.7631637 0.6525159 0.6218024 0.6801155 0.6610317 0.6633821 0.6570245 0.6240614 0.6531845 0.6414928 3.5534589 3.1198108 
