49
Peristernia_reinca 0.0000000 0.1139596 0.1165243 0.1062345 0.1679614 0.3086906 0.2421436 0.2607947 0.2682642 9.0000000 0.2572060 0.2956953 0.2636082 0.2627058 0.2838890 0.2012498 0.2214473 9.0000000 9.0000000 9.0000000 9.0000000 0.3630879 0.2822579 0.2997888 0.2738363 0.3025191 9.0000000 0.3736887 0.3246082 0.2743934 0.3032857 0.3737240 0.4078369 0.3770149 0.3303986 0.3036452 0.3189542 0.3616623 0.3454301 9.0000000 9.0000000 9.0000000 0.2955555 0.3140053 0.3521941 0.3044704 0.2708893 0.2670248 0.2825955 
Peristernia_gemmat 0.1139596 0.0000000 0.0659662 0.0464185 0.1433012 0.3097711 0.2543728 0.2875817 0.2605524 9.0000000 0.2726363 0.3030116 0.2663907 0.2926938 0.3188027 0.1933170 0.2349494 9.0000000 9.0000000 9.0000000 9.0000000 0.3410298 0.3058786 0.2969679 0.2807256 0.2927814 9.0000000 0.3807335 0.3546791 0.2806268 0.3459727 0.3823431 0.4615218 0.4063354 0.3655281 0.3224140 0.2913690 0.3614805 0.3870967 9.0000000 9.0000000 9.0000000 0.2979920 0.3130299 0.3577368 0.3158313 0.2770564 0.2801352 0.2833180 
Peristernia_nassat 0.1165243 0.0659662 0.0000000 0.0253587 0.1710308 0.3037386 0.2514351 0.2851820 0.2850805 9.0000000 0.3106751 0.3236536 0.2827509 0.2820824 0.3258738 0.2059142 0.2386238 9.0000000 9.0000000 9.0000000 9.0000000 0.3723270 0.3068323 0.3026756 0.3216534 0.3189228 9.0000000 0.3980618 0.3519258 0.2808411 0.3489974 0.4058687 0.4636478 0.3743805 0.3711696 0.3314083 0.3082680 0.3544428 0.3959619 9.0000000 9.0000000 9.0000000 0.3036791 0.3409083 0.3915120 0.3142311 0.2773055 0.2830133 0.3098376 
Peristernia_forska 0.1062345 0.0464185 0.0253587 0.0000000 0.1650296 0.3044280 0.2578169 0.2965157 0.2965469 9.0000000 0.3270095 0.3358653 0.2942408 0.3008366 0.3393139 0.2063495 0.2427720 9.0000000 9.0000000 9.0000000 9.0000000 0.3835350 0.3259126 0.3281426 0.3275046 0.3240726 9.0000000 0.3909341 0.3791248 0.3080774 0.3644564 0.4228004 0.4781895 0.3835131 0.4025795 0.3375156 0.3063653 0.3817325 0.4045798 9.0000000 9.0000000 9.0000000 0.3315700 0.3527243 0.4087026 0.3353453 0.3041078 0.3159665 0.3046602 
Peristernia_marque 0.1679614 0.1433012 0.1710308 0.1650296 0.0000000 0.3832955 0.2378242 0.3046341 0.2679374 9.0000000 0.2980383 0.3359239 0.2558829 0.2626906 0.3258286 0.2178657 0.2488877 9.0000000 9.0000000 9.0000000 9.0000000 0.3921223 0.3152373 0.3301250 0.3381748 0.3204876 9.0000000 0.3423436 0.3199246 0.2881113 0.3496362 0.3936787 0.4323576 0.4446635 0.3279295 0.3009615 0.2652250 0.3787505 0.3874936 9.0000000 9.0000000 9.0000000 0.3158404 0.2892860 0.3674658 0.2927205 0.2871783 0.2906470 0.3109607 
Penion_chathamensi 0.3086906 0.3097711 0.3037386 0.3044280 0.3832955 0.0000000 0.2702434 0.3008414 0.2861023 9.0000000 0.3162985 0.2693693 0.2337989 0.2759542 0.3181304 0.2510967 0.2551773 9.0000000 9.0000000 9.0000000 9.0000000 0.3205947 0.2417145 0.2424749 0.2641448 0.2376426 9.0000000 0.3514523 0.3284989 0.2386532 0.3039978 0.3464800 0.3458010 0.4771908 0.4291689 0.2937122 0.3049137 0.3758473 0.3988453 9.0000000 9.0000000 9.0000000 0.2856738 0.2426696 0.3020434 0.2881386 0.2389178 0.2325615 0.1654519 
Triplofusus_gigant 0.2421436 0.2543728 0.2514351 0.2578169 0.2378242 0.2702434 0.0000000 0.1646139 0.1321649 9.0000000 0.1449709 0.2418086 0.1979316 0.1865362 0.2012188 0.1531348 0.1483086 9.0000000 9.0000000 9.0000000 9.0000000 0.3220382 0.2077700 0.2369348 0.2162219 0.2073853 9.0000000 0.2978149 0.2584912 0.1809076 0.2520241 0.3188124 0.3412677 0.3298086 0.2741139 0.2108909 0.2348970 0.3455577 0.3615516 9.0000000 9.0000000 9.0000000 0.1848785 0.1807205 0.2920616 0.2502232 0.1788901 0.1962589 0.2516408 
Cinctura_hunteria  0.2607947 0.2875817 0.2851820 0.2965157 0.3046341 0.3008414 0.1646139 0.0000000 0.1277926 9.0000000 0.1405665 0.2529931 0.2199160 0.2162362 0.1906787 0.1956534 0.1675359 9.0000000 9.0000000 9.0000000 9.0000000 0.2925269 0.2270456 0.2257957 0.1682545 0.2164973 9.0000000 0.2674090 0.2506438 0.2266319 0.2500839 0.3123403 0.3371866 0.3587068 0.2880498 0.2431818 0.2305922 0.3225273 0.3303319 9.0000000 9.0000000 9.0000000 0.2545824 0.2375757 0.2881570 0.2800959 0.2270055 0.2209672 0.2888184 
Fasciolaria_bullis 0.2682642 0.2605524 0.2850805 0.2965469 0.2679374 0.2861023 0.1321649 0.1277926 0.0000000 9.0000000 0.0737286 0.2093789 0.1742757 0.2058154 0.1882629 0.1603419 0.1298537 9.0000000 9.0000000 9.0000000 9.0000000 0.2733167 0.2158531 0.2266558 0.1839828 0.2116795 9.0000000 0.2692294 0.2381209 0.2188387 0.2190614 0.3205851 0.3316183 0.3455080 0.2431487 0.2259674 0.2583830 0.3249433 0.3040163 9.0000000 9.0000000 9.0000000 0.2159261 0.2183249 0.2969355 0.2587498 0.2193016 0.2023074 0.2779828 
Serratifusus_linea 9.0000000 9.0000000 9.0000000 9.0000000 9.0000000 9.0000000 9.0000000 9.0000000 9.0000000 0.0000000 9.0000000 9.0000000 9.0000000 9.0000000 9.0000000 9.0000000 9.0000000 0.2656743 0.2404865 0.2395481 0.2466656 9.0000000 8.9999990 9.0000000 9.0000000 9.0000000 0.2236647 9.0000000 9.0000000 9.0000000 9.0000000 9.0000000 9.0000000 9.0000000 9.0000000 9.0000000 9.0000000 9.0000000 9.0000000 0.2380814 0.2761116 0.2195855 9.0000000 9.0000000 9.0000000 9.0000000 9.0000000 9.0000000 9.0000000 
Fasciolaria_tulipa 0.2572060 0.2726363 0.3106751 0.3270095 0.2980383 0.3162985 0.1449709 0.1405665 0.0737286 9.0000000 0.0000000 0.2066948 0.2049603 0.2023101 0.2093353 0.1614849 0.1392027 9.0000000 9.0000000 9.0000000 9.0000000 0.2957074 0.2345843 0.2429439 0.2094199 0.2218326 9.0000000 0.2874455 0.2761545 0.2213479 0.2507711 0.3306749 0.3609723 0.4014504 0.2453530 0.2178997 0.2831808 0.3376848 0.3246445 9.0000000 9.0000000 9.0000000 0.2365375 0.2486677 0.3322612 0.2606852 0.2224814 0.2296181 0.2641186 
Aristofusus_excava 0.2956953 0.3030116 0.3236536 0.3358653 0.3359239 0.2693693 0.2418086 0.2529931 0.2093789 9.0000000 0.2066948 0.0000000 0.1259218 0.1465809 0.2156538 0.1805100 0.1926037 9.0000000 9.0000000 9.0000000 9.0000000 0.2801091 0.1916884 0.2159218 0.1924963 0.1979897 9.0000000 0.2537599 0.3226020 0.2146079 0.2771151 0.2776119 0.3388290 0.3717519 0.2743765 0.2169490 0.2371710 0.3480071 0.3957488 9.0000000 9.0000000 9.0000000 0.2473746 0.2606338 0.2898772 0.2582438 0.2151033 0.2384516 0.2430754 
Fusinus_salisburyi 0.2636082 0.2663907 0.2827509 0.2942408 0.2558829 0.2337989 0.1979316 0.2199160 0.1742757 9.0000000 0.2049603 0.1259218 0.0000000 0.0847436 0.2266150 0.1547260 0.1704741 9.0000000 9.0000000 9.0000000 9.0000000 0.2523981 0.1943029 0.1996906 0.1686899 0.1719606 9.0000000 0.2543369 0.2186317 0.2210864 0.2221903 0.2662766 0.3124676 0.3470518 0.2598735 0.1821685 0.1994299 0.3177742 0.3349926 9.0000000 9.0000000 9.0000000 0.2049544 0.2150087 0.2390526 0.2477922 0.2215276 0.2295405 0.1960755 
Fusinus_forceps    0.2627058 0.2926938 0.2820824 0.3008366 0.2626906 0.2759542 0.1865362 0.2162362 0.2058154 9.0000000 0.2023101 0.1465809 0.0847436 0.0000000 0.2388497 0.1561343 0.1664515 9.0000000 9.0000000 9.0000000 9.0000000 0.2559848 0.2199627 0.2252382 0.1922926 0.1982508 9.0000000 0.2579009 0.2387731 0.2196499 0.2393368 0.3019210 0.3216119 0.3371103 0.2745171 0.2014619 0.2209628 0.2996832 0.3114503 9.0000000 9.0000000 9.0000000 0.2120301 0.2231039 0.2945139 0.2375550 0.2201096 0.2414837 0.2300427 
Hemipolygona_armat 0.2838890 0.3188027 0.3258738 0.3393139 0.3258286 0.3181304 0.2012188 0.1906787 0.1882629 9.0000000 0.2093353 0.2156538 0.2266150 0.2388497 0.0000000 0.1780469 0.1625710 9.0000000 9.0000000 9.0000000 9.0000000 0.2506231 0.2826756 0.3062886 0.2198996 0.2442519 9.0000000 0.2792583 0.3028755 0.2560953 0.2755145 0.3383099 0.3595005 0.3565965 0.2907780 0.2381053 0.2489964 0.3321061 0.3376793 9.0000000 9.0000000 9.0000000 0.2456896 0.2629018 0.3005129 0.2649150 0.2562062 0.2851923 0.2630046 
Leucozonia_nassa   0.2012498 0.1933170 0.2059142 0.2063495 0.2178657 0.2510967 0.1531348 0.1956534 0.1603419 9.0000000 0.1614849 0.1805100 0.1547260 0.1561343 0.1780469 0.0000000 0.1254861 9.0000000 9.0000000 9.0000000 9.0000000 0.2693959 0.2281481 0.2406218 0.1921501 0.2029534 9.0000000 0.3072476 0.2663408 0.1871891 0.2447282 0.3114882 0.3051518 0.3317022 0.2845374 0.2093453 0.2101528 0.2671270 0.2760914 9.0000000 9.0000000 9.0000000 0.2135901 0.2006013 0.3007139 0.1979575 0.1878953 0.1977392 0.2154621 
Leucozonia_ocellat 0.2214473 0.2349494 0.2386238 0.2427720 0.2488877 0.2551773 0.1483086 0.1675359 0.1298537 9.0000000 0.1392027 0.1926037 0.1704741 0.1664515 0.1625710 0.1254861 0.0000000 9.0000000 9.0000000 9.0000000 9.0000000 0.2374886 0.2346653 0.2449207 0.1848812 0.1945213 9.0000000 0.2576330 0.2274610 0.1921091 0.1967278 0.2907241 0.3029599 0.3079731 0.2850895 0.1858343 0.1966163 0.3371037 0.3505323 9.0000000 9.0000000 9.0000000 0.2029986 0.2006644 0.3187189 0.2643681 0.1927918 0.2074620 0.2274647 
Belomitra_caudata  9.0000000 9.0000000 9.0000000 9.0000000 9.0000000 9.0000000 9.0000000 9.0000000 9.0000000 0.2656743 9.0000000 9.0000000 9.0000000 9.0000000 9.0000000 9.0000000 9.0000000 0.0000000 0.1821526 0.3855295 0.3659957 9.0000000 9.0000000 9.0000000 9.0000000 9.0000000 0.3146462 9.0000000 9.0000000 9.0000000 9.0000000 9.0000000 9.0000000 9.0000000 9.0000000 9.0000000 9.0000000 9.0000000 9.0000000 0.3639067 0.3784709 0.3081829 9.0000000 9.0000000 9.0000000 9.0000000 9.0000000 9.0000000 9.0000000 
Belomitra_paschali 9.0000000 9.0000000 9.0000000 9.0000000 9.0000000 9.0000000 9.0000000 9.0000000 9.0000000 0.2404865 9.0000000 9.0000000 9.0000000 9.0000000 9.0000000 9.0000000 9.0000000 0.1821526 0.0000000 0.3590278 0.3501726 9.0000000 9.0000000 9.0000000 9.0000000 9.0000000 0.2975763 9.0000000 9.0000000 9.0000000 9.0000000 9.0000000 9.0000000 9.0000000 9.0000000 9.0000000 9.0000000 9.0000000 9.0000000 0.3700857 0.3431505 0.3399280 9.0000000 9.0000000 9.0000000 9.0000000 9.0000000 9.0000000 9.0000000 
Buccinastrum_defor 9.0000000 9.0000000 9.0000000 9.0000000 9.0000000 9.0000000 9.0000000 9.0000000 9.0000000 0.2395481 9.0000000 9.0000000 9.0000000 9.0000000 9.0000000 9.0000000 9.0000000 0.3855295 0.3590278 0.0000000 0.1470517 9.0000000 9.0000000 9.0000000 9.0000000 9.0000000 0.3142174 9.0000000 9.0000000 9.0000000 9.0000000 9.0000000 9.0000000 9.0000000 9.0000000 9.0000000 9.0000000 9.0000000 9.0000000 0.2577984 0.3096569 0.3044739 9.0000000 9.0000000 9.0000000 9.0000000 9.0000000 9.0000000 9.0000000 
Buccinanops_cochli 9.0000000 9.0000000 9.0000000 9.0000000 9.0000000 9.0000000 9.0000000 9.0000000 9.0000000 0.2466656 9.0000000 9.0000000 9.0000000 9.0000000 9.0000000 9.0000000 9.0000000 0.3659957 0.3501726 0.1470517 0.0000000 9.0000000 9.0000000 9.0000000 9.0000000 9.0000000 0.3926051 9.0000000 9.0000000 9.0000000 9.0000000 9.0000000 9.0000000 9.0000000 9.0000000 9.0000000 9.0000000 9.0000000 9.0000000 0.2945160 0.2916030 0.3339532 9.0000000 9.0000000 9.0000000 9.0000000 9.0000000 9.0000000 9.0000000 
Buccinum_striatiss 0.3630879 0.3410298 0.3723270 0.3835350 0.3921223 0.3205947 0.3220382 0.2925269 0.2733167 9.0000000 0.2957074 0.2801091 0.2523981 0.2559848 0.2506231 0.2693959 0.2374886 9.0000000 9.0000000 9.0000000 9.0000000 0.0000000 0.1991624 0.2243483 0.2077808 0.1822502 9.0000000 0.3132090 0.3087141 0.2826366 0.2972104 0.3823244 0.3886735 0.4020514 0.3564920 0.2627430 0.2794032 0.4624472 0.4785869 9.0000000 8.2831368 9.0000000 0.2794812 0.3495069 0.2454390 0.2931429 0.2826366 0.2652861 0.2589933 
Neptunea_arthritic 0.2822579 0.3058786 0.3068323 0.3259126 0.3152373 0.2417145 0.2077700 0.2270456 0.2158531 8.9999990 0.2345843 0.1916884 0.1943029 0.2199627 0.2826756 0.2281481 0.2346653 9.0000000 9.0000000 9.0000000 9.0000000 0.1991624 0.0000000 0.0834332 0.1671690 0.1756226 8.9999987 0.3055441 0.2695536 0.1945508 0.2778306 0.2864818 0.2950906 0.3970632 0.2617309 0.1882960 0.2182795 0.3644712 0.3625210 9.0000000 9.0000000 9.0000000 0.2462707 0.2035052 0.2695625 0.2582084 0.1951890 0.1728363 0.2251836 
Neptunea_polycosta 0.2997888 0.2969679 0.3026756 0.3281426 0.3301250 0.2424749 0.2369348 0.2257957 0.2266558 9.0000000 0.2429439 0.2159218 0.1996906 0.2252382 0.3062886 0.2406218 0.2449207 9.0000000 9.0000000 9.0000000 9.0000000 0.2243483 0.0834332 0.0000000 0.1614231 0.1612583 8.9999987 0.3076462 0.2792977 0.2040862 0.2961462 0.2599943 0.3179860 0.4077887 0.2902758 0.2014803 0.2343053 0.3761347 0.3748856 9.0000000 9.0000000 9.0000000 0.2512536 0.2012191 0.2754004 0.2846490 0.2018368 0.1595543 0.2614546 
Busycon_carica     0.2738363 0.2807256 0.3216534 0.3275046 0.3381748 0.2641448 0.2162219 0.1682545 0.1839828 9.0000000 0.2094199 0.1924963 0.1686899 0.1922926 0.2198996 0.1921501 0.1848812 9.0000000 9.0000000 9.0000000 9.0000000 0.2077808 0.1671690 0.1614231 0.0000000 0.1034108 9.0000000 0.2884163 0.2482643 0.1924762 0.2704331 0.2521512 0.2666511 0.3738886 0.2504582 0.2227981 0.2232483 0.3710831 0.3761254 9.0000000 9.0000000 9.0000000 0.2291920 0.1928274 0.2317744 0.2241712 0.1931405 0.1913401 0.2115057 
Fulguropsis_pyrulo 0.3025191 0.2927814 0.3189228 0.3240726 0.3204876 0.2376426 0.2073853 0.2164973 0.2116795 9.0000000 0.2218326 0.1979897 0.1719606 0.1982508 0.2442519 0.2029534 0.1945213 9.0000000 9.0000000 9.0000000 9.0000000 0.1822502 0.1756226 0.1612583 0.1034108 0.0000000 9.0000000 0.2672719 0.2504146 0.1981622 0.2717330 0.2803721 0.2750947 0.3771699 0.2846605 0.1965039 0.1881388 0.4184827 0.4035549 9.0000000 9.0000000 9.0000000 0.2020236 0.2213859 0.2510398 0.2183992 0.1987780 0.1967927 0.2058444 
Chauvetia_candidis 9.0000000 9.0000000 9.0000000 9.0000000 9.0000000 9.0000000 9.0000000 9.0000000 9.0000000 0.2236647 9.0000000 9.0000000 9.0000000 9.0000000 9.0000000 9.0000000 9.0000000 0.3146462 0.2975763 0.3142174 0.3926051 9.0000000 8.9999987 8.9999987 9.0000000 9.0000000 0.0000000 9.0000000 9.0000000 8.9999989 9.0000000 9.0000000 9.0000000 9.0000000 9.0000000 8.9999989 9.0000000 9.0000000 9.0000000 0.1819854 0.2453886 0.3421923 9.0000000 9.0000000 9.0000000 9.0000000 8.9999990 8.6390933 9.0000000 
Colus_islandicus   0.3736887 0.3807335 0.3980618 0.3909341 0.3423436 0.3514523 0.2978149 0.2674090 0.2692294 9.0000000 0.2874455 0.2537599 0.2543369 0.2579009 0.2792583 0.3072476 0.2576330 9.0000000 9.0000000 9.0000000 9.0000000 0.3132090 0.3055441 0.3076462 0.2884163 0.2672719 9.0000000 0.0000000 0.2871390 0.2985187 0.3381191 0.3978427 0.4620796 0.4698176 0.3922859 0.1820746 0.1797962 0.4266092 0.4858491 9.0000000 9.0000000 9.0000000 0.3451008 0.3295028 0.3812206 0.3805486 0.2981806 0.3101190 0.3535737 
Colubraria_reticul 0.3246082 0.3546791 0.3519258 0.3791248 0.3199246 0.3284989 0.2584912 0.2506438 0.2381209 9.0000000 0.2761545 0.3226020 0.2186317 0.2387731 0.3028755 0.2663408 0.2274610 9.0000000 9.0000000 9.0000000 9.0000000 0.3087141 0.2695536 0.2792977 0.2482643 0.2504146 9.0000000 0.2871390 0.0000000 0.2380788 0.2233218 0.2792359 0.2823925 0.3794614 0.3543062 0.2120213 0.1920043 0.3925423 0.4111036 9.0000000 8.9999981 9.0000000 0.3110402 0.2354317 0.2962682 0.3093605 0.2362238 0.2470020 0.2885340 
Mitrella_scripta   0.2743934 0.2806268 0.2808411 0.3080774 0.2881113 0.2386532 0.1809076 0.2266319 0.2188387 9.0000000 0.2213479 0.2146079 0.2210864 0.2196499 0.2560953 0.1871891 0.1921091 9.0000000 9.0000000 9.0000000 9.0000000 0.2826366 0.1945508 0.2040862 0.1924762 0.1981622 8.9999989 0.2985187 0.2380788 0.0000000 0.2698041 0.2834274 0.2995508 0.3290690 0.2862262 0.2240377 0.2299953 0.3476670 0.3663433 9.0000000 9.0000000 9.0000000 0.2783980 0.2383720 0.3381079 0.2752654 0.0000025 0.0914947 0.2076594 
Mitrella_bicincta  0.3032857 0.3459727 0.3489974 0.3644564 0.3496362 0.3039978 0.2520241 0.2500839 0.2190614 9.0000000 0.2507711 0.2771151 0.2221903 0.2393368 0.2755145 0.2447282 0.1967278 9.0000000 9.0000000 9.0000000 9.0000000 0.2972104 0.2778306 0.2961462 0.2704331 0.2717330 9.0000000 0.3381191 0.2233218 0.2698041 0.0000000 0.2970599 0.2747368 0.3472690 0.3099882 0.2543740 0.2442388 0.3112045 0.3229348 9.0000000 9.0000000 9.0000000 0.2904190 0.2597758 0.3315598 0.2820212 0.2697737 0.2965876 0.3140448 
Tonna_sulcosa      0.3737240 0.3823431 0.4058687 0.4228004 0.3936787 0.3464800 0.3188124 0.3123403 0.3205851 9.0000000 0.3306749 0.2776119 0.2662766 0.3019210 0.3383099 0.3114882 0.2907241 9.0000000 9.0000000 9.0000000 9.0000000 0.3823244 0.2864818 0.2599943 0.2521512 0.2803721 9.0000000 0.3978427 0.2792359 0.2834274 0.2970599 0.0000000 0.0964281 0.4065832 0.3509123 0.2996976 0.3197440 0.5051193 0.5348765 9.0000000 9.0000000 9.0000000 0.2941510 0.2317092 0.3040009 0.3394309 0.2832462 0.2620908 0.3403020 
Tonna_galea        0.4078369 0.4615218 0.4636478 0.4781895 0.4323576 0.3458010 0.3412677 0.3371866 0.3316183 9.0000000 0.3609723 0.3388290 0.3124676 0.3216119 0.3595005 0.3051518 0.3029599 9.0000000 9.0000000 9.0000000 9.0000000 0.3886735 0.2950906 0.3179860 0.2666511 0.2750947 9.0000000 0.4620796 0.2823925 0.2995508 0.2747368 0.0964281 0.0000000 0.4601399 0.4364283 0.3471697 0.3633763 0.4898100 0.5105358 9.0000000 9.0000000 9.0000000 0.2957504 0.2153677 0.3299503 0.3328128 0.2991764 0.3031602 0.3569967 
Dolicholatirus_lan 0.3770149 0.4063354 0.3743805 0.3835131 0.4446635 0.4771908 0.3298086 0.3587068 0.3455080 9.0000000 0.4014504 0.3717519 0.3470518 0.3371103 0.3565965 0.3317022 0.3079731 9.0000000 9.0000000 9.0000000 9.0000000 0.4020514 0.3970632 0.4077887 0.3738886 0.3771699 9.0000000 0.4698176 0.3794614 0.3290690 0.3472690 0.4065832 0.4601399 0.0000000 0.2653771 0.3682127 0.4060534 0.3715169 0.4002406 9.0000000 9.0000000 9.0000000 0.3560874 0.3943431 0.4274435 0.3384474 0.3318202 0.3798646 0.4653852 
Dolicholatirus_spi 0.3303986 0.3655281 0.3711696 0.4025795 0.3279295 0.4291689 0.2741139 0.2880498 0.2431487 9.0000000 0.2453530 0.2743765 0.2598735 0.2745171 0.2907780 0.2845374 0.2850895 9.0000000 9.0000000 9.0000000 9.0000000 0.3564920 0.2617309 0.2902758 0.2504582 0.2846605 9.0000000 0.3922859 0.3543062 0.2862262 0.3099882 0.3509123 0.4364283 0.2653771 0.0000000 0.2781790 0.3003772 0.3859162 0.3783780 9.0000000 9.0000000 9.0000000 0.3280783 0.3695171 0.3784167 0.3474377 0.2860059 0.3133755 0.3772418 
Eosipho_smithi     0.3036452 0.3224140 0.3314083 0.3375156 0.3009615 0.2937122 0.2108909 0.2431818 0.2259674 9.0000000 0.2178997 0.2169490 0.1821685 0.2014619 0.2381053 0.2093453 0.1858343 9.0000000 9.0000000 9.0000000 9.0000000 0.2627430 0.1882960 0.2014803 0.2227981 0.1965039 8.9999989 0.1820746 0.2120213 0.2240377 0.2543740 0.2996976 0.3471697 0.3682127 0.2781790 0.0000000 0.1118330 0.3939200 0.3896551 9.0000000 8.9999980 9.0000000 0.2529518 0.2446824 0.3146899 0.3005620 0.2244551 0.2482083 0.2823067 
Manaria_kuroharai  0.3189542 0.2913690 0.3082680 0.3063653 0.2652250 0.3049137 0.2348970 0.2305922 0.2583830 9.0000000 0.2831808 0.2371710 0.1994299 0.2209628 0.2489964 0.2101528 0.1966163 9.0000000 9.0000000 9.0000000 9.0000000 0.2794032 0.2182795 0.2343053 0.2232483 0.1881388 9.0000000 0.1797962 0.1920043 0.2299953 0.2442388 0.3197440 0.3633763 0.4060534 0.3003772 0.1118330 0.0000000 0.3815076 0.3984270 9.0000000 9.0000000 9.0000000 0.2984758 0.2316298 0.3083159 0.2757932 0.2303479 0.2496155 0.2460840 
Melongena_melongen 0.3616623 0.3614805 0.3544428 0.3817325 0.3787505 0.3758473 0.3455577 0.3225273 0.3249433 9.0000000 0.3376848 0.3480071 0.3177742 0.2996832 0.3321061 0.2671270 0.3371037 9.0000000 9.0000000 9.0000000 9.0000000 0.4624472 0.3644712 0.3761347 0.3710831 0.4184827 9.0000000 0.4266092 0.3925423 0.3476670 0.3112045 0.5051193 0.4898100 0.3715169 0.3859162 0.3939200 0.3815076 0.0000000 0.1029366 9.0000000 9.0000000 9.0000000 0.3872637 0.3486074 0.3927128 0.3137020 0.3467345 0.3644327 0.3567595 
Melongena_patula   0.3454301 0.3870967 0.3959619 0.4045798 0.3874936 0.3988453 0.3615516 0.3303319 0.3040163 9.0000000 0.3246445 0.3957488 0.3349926 0.3114503 0.3376793 0.2760914 0.3505323 9.0000000 9.0000000 9.0000000 9.0000000 0.4785869 0.3625210 0.3748856 0.3761254 0.4035549 9.0000000 0.4858491 0.4111036 0.3663433 0.3229348 0.5348765 0.5105358 0.4002406 0.3783780 0.3896551 0.3984270 0.1029366 0.0000000 9.0000000 9.0000000 9.0000000 0.3863640 0.3545887 0.4118230 0.3489296 0.3650871 0.4030365 0.3721207 
Nassarius_conoidal 9.0000000 9.0000000 9.0000000 9.0000000 9.0000000 9.0000000 9.0000000 9.0000000 9.0000000 0.2380814 9.0000000 9.0000000 9.0000000 9.0000000 9.0000000 9.0000000 9.0000000 0.3639067 0.3700857 0.2577984 0.2945160 9.0000000 9.0000000 9.0000000 9.0000000 9.0000000 0.1819854 9.0000000 9.0000000 9.0000000 9.0000000 9.0000000 9.0000000 9.0000000 9.0000000 9.0000000 9.0000000 9.0000000 9.0000000 0.0000000 0.1418902 0.3331265 9.0000000 9.0000000 9.0000000 9.0000000 9.0000000 9.0000000 9.0000000 
Nassarius_semisulc 9.0000000 9.0000000 9.0000000 9.0000000 9.0000000 9.0000000 9.0000000 9.0000000 9.0000000 0.2761116 9.0000000 9.0000000 9.0000000 9.0000000 9.0000000 9.0000000 9.0000000 0.3784709 0.3431505 0.3096569 0.2916030 8.2831368 9.0000000 9.0000000 9.0000000 9.0000000 0.2453886 9.0000000 8.9999981 9.0000000 9.0000000 9.0000000 9.0000000 9.0000000 9.0000000 8.9999980 9.0000000 9.0000000 9.0000000 0.1418902 0.0000000 0.3691851 9.0000000 9.0000000 9.0000000 9.0000000 9.0000000 8.9979391 9.0000000 
Antillophos_beauii 9.0000000 9.0000000 9.0000000 9.0000000 9.0000000 9.0000000 9.0000000 9.0000000 9.0000000 0.2195855 9.0000000 9.0000000 9.0000000 9.0000000 9.0000000 9.0000000 9.0000000 0.3081829 0.3399280 0.3044739 0.3339532 9.0000000 9.0000000 9.0000000 9.0000000 9.0000000 0.3421923 9.0000000 9.0000000 9.0000000 9.0000000 9.0000000 9.0000000 9.0000000 9.0000000 9.0000000 9.0000000 9.0000000 9.0000000 0.3331265 0.3691851 0.0000000 9.0000000 9.0000000 9.0000000 9.0000000 9.0000000 9.0000000 9.0000000 
Pisania_pusio      0.2955555 0.2979920 0.3036791 0.3315700 0.3158404 0.2856738 0.1848785 0.2545824 0.2159261 9.0000000 0.2365375 0.2473746 0.2049544 0.2120301 0.2456896 0.2135901 0.2029986 9.0000000 9.0000000 9.0000000 9.0000000 0.2794812 0.2462707 0.2512536 0.2291920 0.2020236 9.0000000 0.3451008 0.3110402 0.2783980 0.2904190 0.2941510 0.2957504 0.3560874 0.3280783 0.2529518 0.2984758 0.3872637 0.3863640 9.0000000 9.0000000 9.0000000 0.0000000 0.1642311 0.2741094 0.2679118 0.2747817 0.2776477 0.3081120 
Engina_mendicaria  0.3140053 0.3130299 0.3409083 0.3527243 0.2892860 0.2426696 0.1807205 0.2375757 0.2183249 9.0000000 0.2486677 0.2606338 0.2150087 0.2231039 0.2629018 0.2006013 0.2006644 9.0000000 9.0000000 9.0000000 9.0000000 0.3495069 0.2035052 0.2012191 0.1928274 0.2213859 9.0000000 0.3295028 0.2354317 0.2383720 0.2597758 0.2317092 0.2153677 0.3943431 0.3695171 0.2446824 0.2316298 0.3486074 0.3545887 9.0000000 9.0000000 9.0000000 0.1642311 0.0000000 0.3260066 0.2254391 0.2386687 0.2434386 0.2729471 
Clivipollia_pulchr 0.3521941 0.3577368 0.3915120 0.4087026 0.3674658 0.3020434 0.2920616 0.2881570 0.2969355 9.0000000 0.3322612 0.2898772 0.2390526 0.2945139 0.3005129 0.3007139 0.3187189 9.0000000 9.0000000 9.0000000 9.0000000 0.2454390 0.2695625 0.2754004 0.2317744 0.2510398 9.0000000 0.3812206 0.2962682 0.3381079 0.3315598 0.3040009 0.3299503 0.4274435 0.3784167 0.3146899 0.3083159 0.3927128 0.4118230 9.0000000 9.0000000 9.0000000 0.2741094 0.3260066 0.0000000 0.2610682 0.3373503 0.3134857 0.2765171 
Caducifer_decapita 0.3044704 0.3158313 0.3142311 0.3353453 0.2927205 0.2881386 0.2502232 0.2800959 0.2587498 9.0000000 0.2606852 0.2582438 0.2477922 0.2375550 0.2649150 0.1979575 0.2643681 9.0000000 9.0000000 9.0000000 9.0000000 0.2931429 0.2582084 0.2846490 0.2241712 0.2183992 9.0000000 0.3805486 0.3093605 0.2752654 0.2820212 0.3394309 0.3328128 0.3384474 0.3474377 0.3005620 0.2757932 0.3137020 0.3489296 9.0000000 9.0000000 9.0000000 0.2679118 0.2254391 0.2610682 0.0000000 0.2751790 0.2802586 0.2470682 
Euthria_cumulata   0.2708893 0.2770564 0.2773055 0.3041078 0.2871783 0.2389178 0.1788901 0.2270055 0.2193016 9.0000000 0.2224814 0.2151033 0.2215276 0.2201096 0.2562062 0.1878953 0.1927918 9.0000000 9.0000000 9.0000000 9.0000000 0.2826366 0.1951890 0.2018368 0.1931405 0.1987780 8.9999990 0.2981806 0.2362238 0.0000025 0.2697737 0.2832462 0.2991764 0.3318202 0.2860059 0.2244551 0.2303479 0.3467345 0.3650871 9.0000000 9.0000000 9.0000000 0.2747817 0.2386687 0.3373503 0.2751790 0.0000000 0.0914947 0.2081887 
Buccinulum_linea   0.2670248 0.2801352 0.2830133 0.3159665 0.2906470 0.2325615 0.1962589 0.2209672 0.2023074 9.0000000 0.2296181 0.2384516 0.2295405 0.2414837 0.2851923 0.1977392 0.2074620 9.0000000 9.0000000 9.0000000 9.0000000 0.2652861 0.1728363 0.1595543 0.1913401 0.1967927 8.6390933 0.3101190 0.2470020 0.0914947 0.2965876 0.2620908 0.3031602 0.3798646 0.3133755 0.2482083 0.2496155 0.3644327 0.4030365 9.0000000 8.9979391 9.0000000 0.2776477 0.2434386 0.3134857 0.2802586 0.0914947 0.0000000 0.2281626 
Kelletia_lischkei  0.2825955 0.2833180 0.3098376 0.3046602 0.3109607 0.1654519 0.2516408 0.2888184 0.2779828 9.0000000 0.2641186 0.2430754 0.1960755 0.2300427 0.2630046 0.2154621 0.2274647 9.0000000 9.0000000 9.0000000 9.0000000 0.2589933 0.2251836 0.2614546 0.2115057 0.2058444 9.0000000 0.3535737 0.2885340 0.2076594 0.3140448 0.3403020 0.3569967 0.4653852 0.3772418 0.2823067 0.2460840 0.3567595 0.3721207 9.0000000 9.0000000 9.0000000 0.3081120 0.2729471 0.2765171 0.2470682 0.2081887 0.2281626 0.0000000 
