24
Lambis_scorpius           0.0000000 0.3396917 0.3737464 0.3662221 0.3733093 0.3868150 1.0127128 1.0489102 0.9819388 0.9320794 0.9117144 0.9897175 1.1491438 1.0473217 0.9843926 0.9926576 1.0472605 1.0369526 1.1841807 1.2046062 1.1540311 1.1886908 2.5425806 2.4462641 
Dolomena_robusta          0.3396917 0.0000000 0.2210741 0.2030425 0.2139352 0.2110880 0.9499213 0.9581170 0.9122581 0.8664185 0.8327353 0.8828536 1.0227976 0.9745651 0.8971082 0.9276119 0.9822463 0.9709650 1.1290139 1.1061202 1.0667345 1.0881763 2.4425944 2.3320155 
Strombus_labiatus         0.3737464 0.2210741 0.0000000 0.1265004 0.1897134 0.1995512 0.9748894 0.9690862 0.9635863 0.8643201 0.8366213 0.9545031 1.0816745 1.0061927 0.9207423 0.9533269 0.9961784 0.9800821 1.1919459 1.1815706 1.1387328 1.1678922 2.4912111 2.3076601 
Canarium_sp.              0.3662221 0.2030425 0.1265004 0.0000000 0.1800540 0.1884475 0.9813661 0.9400758 0.9544145 0.8603316 0.8241195 0.9123808 1.0729044 0.9764760 0.8999265 0.9300090 0.9905615 0.9788293 1.1880691 1.1621190 1.1198265 1.1424767 2.4766322 2.2951981 
Canarium_mutabile         0.3733093 0.2139352 0.1897134 0.1800540 0.0000000 0.1564502 0.9850443 0.9552176 0.9671830 0.8622942 0.8625983 0.9290100 1.0886933 0.9813929 0.9048221 0.9448080 0.9997478 0.9762384 1.1435785 1.1596745 1.1248691 1.1445850 2.4658593 2.3875218 
Canarium_microurceus      0.3868150 0.2110880 0.1995512 0.1884475 0.1564502 0.0000000 0.9917449 0.9885774 0.9688749 0.8572954 0.8725474 0.9350038 1.0759238 1.0079713 0.9096603 0.9501106 0.9916865 0.9679806 1.1557789 1.1707923 1.1413256 1.1541933 2.4014186 2.3413486 
Distorsio_anus            1.0127128 0.9499213 0.9748894 0.9813661 0.9850443 0.9917449 0.0000000 0.7856762 0.7417409 0.6407211 0.6533681 0.6945029 1.1978345 1.0685607 1.0120665 1.0388604 1.0506925 1.0872765 1.2058966 1.1544559 1.1230090 1.1529003 2.7420535 2.3683103 
Ficus_gracilis            1.0489102 0.9581170 0.9690862 0.9400758 0.9552176 0.9885774 0.7856762 0.0000000 0.7968399 0.7122248 0.7077833 0.7653798 1.1125669 1.0424083 0.9214352 0.9485645 0.9955726 0.9975506 1.2424390 1.2296371 1.2023645 1.2332890 2.7148653 2.4598706 
Cymatium_sp.              0.9819388 0.9122581 0.9635863 0.9544145 0.9671830 0.9688749 0.7417409 0.7968399 0.0000000 0.6168686 0.5755895 0.6378253 1.1967570 1.0916257 0.9799159 1.0455499 1.0378111 1.0779378 1.1929730 1.1967542 1.1314671 1.1531598 2.6192636 2.5798309 
Tonna_dolium              0.9320794 0.8664185 0.8643201 0.8603316 0.8622942 0.8572954 0.6407211 0.7122248 0.6168686 0.0000000 0.5046836 0.5303803 1.0378726 0.9812629 0.8793966 0.9019275 0.9768406 0.9909849 1.1822209 1.1477815 1.1133872 1.1278380 2.6904983 2.4465181 
Bursa_sp.                 0.9117144 0.8327353 0.8366213 0.8241195 0.8625983 0.8725474 0.6533681 0.7077833 0.5755895 0.5046836 0.0000000 0.2657576 1.0656742 0.9510636 0.8721199 0.8884614 0.9976772 0.9772702 1.1111385 1.1210907 1.0829399 1.1091178 2.6076324 2.3501713 
Tutufa_sp.                0.9897175 0.8828536 0.9545031 0.9123808 0.9290100 0.9350038 0.6945029 0.7653798 0.6378253 0.5303803 0.2657576 0.0000000 1.1675042 1.0041824 0.9373332 0.9845984 1.0059294 0.9945452 1.2000219 1.1716347 1.1174949 1.1533427 2.7340937 2.3930531 
Optediceros_sp.           1.1491438 1.0227976 1.0816745 1.0729044 1.0886933 1.0759238 1.1978345 1.1125669 1.1967570 1.0378726 1.0656742 1.1675042 0.0000000 1.0739704 1.0067721 1.0006026 0.9710586 1.0185301 1.3142649 1.2725240 1.2024091 1.2446069 2.5467981 2.5040614 
Notocochlis_sp.           1.0473217 0.9745651 1.0061927 0.9764760 0.9813929 1.0079713 1.0685607 1.0424083 1.0916257 0.9812629 0.9510636 1.0041824 1.0739704 0.0000000 0.5611535 0.5938055 0.8738635 0.8445216 1.0031825 0.9748550 0.9439392 0.9889252 2.6303390 2.5209374 
Polinices_flemingianus    0.9843926 0.8971082 0.9207423 0.8999265 0.9048221 0.9096603 1.0120665 0.9214352 0.9799159 0.8793966 0.8721199 0.9373332 1.0067721 0.5611535 0.0000000 0.2221095 0.8082296 0.7951740 0.9965577 0.9561023 0.9058067 0.9355777 2.7031450 2.3860445 
Mammilla_melanostomus     0.9926576 0.9276119 0.9533269 0.9300090 0.9448080 0.9501106 1.0388604 0.9485645 1.0455499 0.9019275 0.8884614 0.9845984 1.0006026 0.5938055 0.2221095 0.0000000 0.8127901 0.8018484 0.9690997 0.9443903 0.9064400 0.9233506 2.6208788 2.4490956 
Nodilittorina_trochoides  1.0472605 0.9822463 0.9961784 0.9905615 0.9997478 0.9916865 1.0506925 0.9955726 1.0378111 0.9768406 0.9976772 1.0059294 0.9710586 0.8738635 0.8082296 0.8127901 0.0000000 0.2860600 0.6367311 0.6140189 0.6016258 0.6306685 2.6334192 2.2721557 
Echinolittorina_melanacme 1.0369526 0.9709650 0.9800821 0.9788293 0.9762384 0.9679806 1.0872765 0.9975506 1.0779378 0.9909849 0.9772702 0.9945452 1.0185301 0.8445216 0.7951740 0.8018484 0.2860600 0.0000000 0.6568138 0.6269682 0.6146872 0.6211613 2.6404596 2.2571630 
Littoraria_undulata       1.1841807 1.1290139 1.1919459 1.1880691 1.1435785 1.1557789 1.2058966 1.2424390 1.1929730 1.1822209 1.1111385 1.2000219 1.3142649 1.0031825 0.9965577 0.9690997 0.6367311 0.6568138 0.0000000 0.3484808 0.3251282 0.3390992 2.5740631 2.6011491 
Littoraria_pallescens     1.2046062 1.1061202 1.1815706 1.1621190 1.1596745 1.1707923 1.1544559 1.2296371 1.1967542 1.1477815 1.1210907 1.1716347 1.2725240 0.9748550 0.9561023 0.9443903 0.6140189 0.6269682 0.3484808 0.0000000 0.1831652 0.1841939 2.5690879 2.6037392 
Littoraria_intermedia     1.1540311 1.0667345 1.1387328 1.1198265 1.1248691 1.1413256 1.1230090 1.2023645 1.1314671 1.1133872 1.0829399 1.1174949 1.2024091 0.9439392 0.9058067 0.9064400 0.6016258 0.6146872 0.3251282 0.1831652 0.0000000 0.1475235 2.5845500 2.5634107 
Littoraria_scabra         1.1886908 1.0881763 1.1678922 1.1424767 1.1445850 1.1541933 1.1529003 1.2332890 1.1531598 1.1278380 1.1091178 1.1533427 1.2446069 0.9889252 0.9355777 0.9233506 0.6306685 0.6211613 0.3390992 0.1841939 0.1475235 0.0000000 2.5762435 2.6286505 
Thylacodes_adamsii        2.5425806 2.4425944 2.4912111 2.4766322 2.4658593 2.4014186 2.7420535 2.7148653 2.6192636 2.6904983 2.6076324 2.7340937 2.5467981 2.6303390 2.7031450 2.6208788 2.6334192 2.6404596 2.5740631 2.5690879 2.5845500 2.5762435 0.0000000 2.5461907 
Ceraesignum_maximum       2.4462641 2.3320155 2.3076601 2.2951981 2.3875218 2.3413486 2.3683103 2.4598706 2.5798309 2.4465181 2.3501713 2.3930531 2.5040614 2.5209374 2.3860445 2.4490956 2.2721557 2.2571630 2.6011491 2.6037392 2.5634107 2.6286505 2.5461907 0.0000000 
