47
Tonna_galea             0.0000000 0.1696289 0.1762962 0.1065156 0.1060387 0.1683082 0.1198022 0.1245265 0.1305657 0.1376821 0.1202886 0.1225123 0.1326917 0.1294602 0.1550458 0.1193225 0.1216822 0.1148921 0.1177766 0.1178478 0.1135436 0.1539620 0.1252469 0.1082069 0.1121745 0.1577334 0.1049058 0.1220930 0.1252770 0.1081791 0.1225336 0.1223726 0.1160681 0.0988558 0.1070630 0.1080876 0.1186748 0.1186748 0.1166937 0.1068446 0.1021417 0.0949334 0.1046309 0.0877994 0.1053235 0.1025189 0.0987504 
Fusinus_salisburyi      0.1696289 0.0000000 0.0182735 0.0937544 0.0967783 0.1179918 0.0967042 0.0936832 0.1080160 0.0930993 0.0844820 0.1102719 0.1015889 0.0798218 0.0846457 0.0823612 0.0900636 0.0930914 0.0574314 0.0877970 0.0869627 0.0223352 0.0893394 0.0740732 0.0778842 0.1189391 0.0678614 0.0715493 0.0725081 0.0728869 0.0734778 0.0744064 0.0730114 0.0655028 0.0706338 0.0639036 0.0688026 0.0688026 0.0669021 0.0690484 0.0620838 0.0620838 0.0681591 0.0680728 0.0683914 0.0760192 0.0689469 
Fusinus_forceps         0.1762962 0.0182735 0.0000000 0.1097682 0.1009807 0.1230355 0.0942508 0.0947367 0.1086834 0.1067797 0.0894607 0.1238527 0.0940044 0.0912094 0.0929633 0.0957637 0.1036181 0.1077788 0.0708392 0.0962274 0.0953518 0.0339461 0.0980418 0.0849701 0.0886700 0.1293351 0.0728083 0.0838476 0.0785276 0.0774143 0.0821931 0.0807000 0.0792234 0.0746029 0.0768828 0.0728257 0.0777687 0.0777687 0.0759096 0.0732730 0.0751373 0.0710430 0.0787810 0.0728664 0.0759696 0.0844561 0.0765994 
Belomitra_paschalis     0.1065156 0.0937544 0.1097682 0.0000000 0.0370758 0.1131503 0.0896615 0.0927338 0.0869225 0.0891400 0.0780629 0.0834882 0.0928331 0.0759303 0.0745132 0.0718834 0.0756654 0.0615754 0.0662667 0.0664871 0.0660354 0.0811764 0.0512902 0.0617073 0.0652312 0.0698659 0.0632574 0.0527467 0.0716872 0.0696406 0.0646146 0.0638245 0.0589906 0.0544945 0.0469321 0.0622536 0.0668688 0.0668688 0.0650679 0.0611939 0.0557531 0.0519350 0.0587574 0.0498735 0.0563199 0.0651926 0.0606385 
Belomitra_caudata       0.1060387 0.0967783 0.1009807 0.0370758 0.0000000 0.1014371 0.0878919 0.0849397 0.0789944 0.1034628 0.0668022 0.0792726 0.0887269 0.0640218 0.0794741 0.0712343 0.0732608 0.0566333 0.0646520 0.0591710 0.0587726 0.0792251 0.0455602 0.0533120 0.0568086 0.0727606 0.0554485 0.0483787 0.0718919 0.0671947 0.0660854 0.0549151 0.0503101 0.0507271 0.0470072 0.0545826 0.0630752 0.0630752 0.0612594 0.0498602 0.0558676 0.0482135 0.0471667 0.0423849 0.0486980 0.0517545 0.0451668 
Engina_mendicaria       0.1683082 0.1179918 0.1230355 0.1131503 0.1014371 0.0000000 0.0929204 0.0832598 0.0944661 0.1101209 0.0581394 0.0757410 0.0576919 0.0886946 0.0845528 0.0700653 0.0680183 0.0820095 0.0832554 0.0859234 0.0908091 0.1056940 0.0924573 0.0848401 0.0886208 0.1279847 0.0640556 0.0862461 0.0925943 0.0744503 0.0775880 0.0960558 0.0948687 0.0666468 0.0815645 0.0721459 0.0770164 0.0770164 0.0751804 0.0669659 0.0686197 0.0605305 0.0679414 0.0623517 0.0652719 0.0805583 0.0699257 
Chauvetia_candidissima  0.1198022 0.0967042 0.0942508 0.0896615 0.0878919 0.0929204 0.0000000 0.0265488 0.0362287 0.0889473 0.0564606 0.0989911 0.0804371 0.0659662 0.0830356 0.0510262 0.0529992 0.0692164 0.0656408 0.0642743 0.0614701 0.0739243 0.0879259 0.0677429 0.0713672 0.1141140 0.0530023 0.0662682 0.0649267 0.0491833 0.0526805 0.0614881 0.0613502 0.0602316 0.0592493 0.0661169 0.0752442 0.0752442 0.0733953 0.0541182 0.0595198 0.0555604 0.0625186 0.0532471 0.0621949 0.0677390 0.0644615 
Nassarius_conoidalis    0.1245265 0.0936832 0.0947367 0.0927338 0.0849397 0.0832598 0.0265488 0.0000000 0.0159318 0.0794148 0.0440659 0.0874699 0.0769716 0.0708506 0.0846640 0.0537062 0.0518195 0.0716199 0.0635663 0.0620523 0.0615033 0.0730167 0.0802860 0.0649988 0.0685930 0.1061582 0.0474858 0.0655376 0.0682223 0.0467193 0.0522913 0.0581142 0.0599472 0.0527713 0.0603378 0.0623535 0.0671829 0.0671829 0.0653731 0.0514738 0.0521716 0.0483506 0.0571040 0.0482273 0.0546729 0.0620820 0.0589934 
Nassarius_semisulcatus  0.1305657 0.1080160 0.1086834 0.0869225 0.0789944 0.0944661 0.0362287 0.0159318 0.0000000 0.0896565 0.0467216 0.0942849 0.0856243 0.0788606 0.0880054 0.0587749 0.0607620 0.0679237 0.0673292 0.0653547 0.0649033 0.0855559 0.0810622 0.0596509 0.0632958 0.1000467 0.0523152 0.0600538 0.0676989 0.0498638 0.0555995 0.0583901 0.0582594 0.0539174 0.0586976 0.0597406 0.0687205 0.0687205 0.0668675 0.0544613 0.0532885 0.0493724 0.0543516 0.0453564 0.0518943 0.0593985 0.0562849 
Colubraria_obscura      0.1376821 0.0930993 0.1067797 0.0891400 0.1034628 0.1101209 0.0889473 0.0794148 0.0896565 0.0000000 0.0736177 0.1016715 0.0879788 0.0787057 0.0745738 0.0683714 0.0704256 0.0812005 0.0620076 0.0870872 0.0836292 0.0797481 0.0845765 0.0728182 0.0764819 0.1144457 0.0681139 0.0745855 0.0795070 0.0671531 0.0668309 0.0736816 0.0658910 0.0674197 0.0730516 0.0667654 0.0767479 0.0767479 0.0749159 0.0637275 0.0571527 0.0571527 0.0588652 0.0550139 0.0617306 0.0659393 0.0629424 
Clivipollia_pulchra     0.1202886 0.0844820 0.0894607 0.0780629 0.0668022 0.0581394 0.0564606 0.0440659 0.0467216 0.0736177 0.0000000 0.0665016 0.0568062 0.0704579 0.0763365 0.0487523 0.0506245 0.0662026 0.0505532 0.0524349 0.0544359 0.0633633 0.0700693 0.0560808 0.0577390 0.0935391 0.0317843 0.0563922 0.0586087 0.0484863 0.0536759 0.0492251 0.0527872 0.0402822 0.0475160 0.0475819 0.0539918 0.0539918 0.0522148 0.0392822 0.0398463 0.0361850 0.0424278 0.0378900 0.0402290 0.0493731 0.0442492 
Euthria_walleri         0.1225123 0.1102719 0.1238527 0.0834882 0.0792726 0.0757410 0.0989911 0.0874699 0.0942849 0.1016715 0.0665016 0.0000000 0.0747314 0.0947229 0.1030153 0.0630814 0.0651525 0.0802838 0.0873813 0.0734109 0.0702020 0.0997307 0.0867870 0.0765589 0.0802967 0.1054158 0.0631448 0.0831803 0.0868356 0.0573245 0.0559878 0.0878404 0.0806365 0.0566467 0.0785003 0.0682942 0.0649655 0.0649655 0.0630996 0.0600499 0.0535476 0.0496145 0.0629054 0.0592891 0.0563165 0.0644481 0.0625886 
Pisania_pusio           0.1326917 0.1015889 0.0940044 0.0928331 0.0887269 0.0576919 0.0804371 0.0769716 0.0856243 0.0879788 0.0568062 0.0747314 0.0000000 0.0735082 0.0875473 0.0651184 0.0688627 0.0862644 0.0684353 0.0746051 0.0767835 0.0826815 0.0844180 0.0788120 0.0824390 0.0998658 0.0508909 0.0788110 0.0797685 0.0640069 0.0721780 0.0735859 0.0737179 0.0532800 0.0675110 0.0617045 0.0584602 0.0584602 0.0566657 0.0607261 0.0514910 0.0439740 0.0543716 0.0494498 0.0520054 0.0658026 0.0562321 
Mitrella_scripta        0.1294602 0.0798218 0.0912094 0.0759303 0.0640218 0.0886946 0.0659662 0.0708506 0.0788606 0.0787057 0.0704579 0.0947229 0.0735082 0.0000000 0.0686389 0.0650513 0.0669451 0.0681041 0.0488224 0.0698055 0.0668897 0.0689866 0.0648467 0.0616999 0.0651212 0.0974455 0.0519924 0.0414888 0.0557339 0.0593572 0.0568598 0.0603835 0.0532373 0.0480302 0.0482442 0.0434329 0.0546775 0.0546775 0.0529991 0.0428266 0.0447505 0.0412528 0.0401719 0.0359332 0.0381161 0.0457563 0.0418909 
Colubraria_reticulata   0.1550458 0.0846457 0.0929633 0.0745132 0.0794741 0.0845528 0.0830356 0.0846640 0.0880054 0.0745738 0.0763365 0.1030153 0.0875473 0.0686389 0.0000000 0.0684496 0.0704515 0.0575713 0.0553035 0.0624444 0.0620171 0.0746615 0.0726066 0.0524367 0.0560094 0.0952478 0.0645387 0.0601393 0.0664838 0.0621602 0.0592469 0.0535880 0.0445831 0.0612951 0.0471071 0.0579780 0.0683720 0.0683720 0.0665814 0.0605097 0.0519623 0.0519623 0.0608129 0.0518322 0.0583424 0.0698721 0.0627042 
Melongena_melongena     0.1193225 0.0823612 0.0957637 0.0718834 0.0712343 0.0700653 0.0510262 0.0537062 0.0587749 0.0683714 0.0487523 0.0630814 0.0651184 0.0650513 0.0684496 0.0000000 0.0044985 0.0450075 0.0501772 0.0585359 0.0541520 0.0645933 0.0725113 0.0539417 0.0573569 0.0826658 0.0434941 0.0539299 0.0538901 0.0387062 0.0396497 0.0579634 0.0527916 0.0447980 0.0518991 0.0528522 0.0533809 0.0533809 0.0516840 0.0342790 0.0398722 0.0363685 0.0459429 0.0380008 0.0437998 0.0466759 0.0476897 
Melongena_patula        0.1216822 0.0900636 0.1036181 0.0756654 0.0732608 0.0680183 0.0529992 0.0518195 0.0607620 0.0704256 0.0506245 0.0651525 0.0688627 0.0669451 0.0704515 0.0044985 0.0000000 0.0468735 0.0541725 0.0566123 0.0537299 0.0714469 0.0652991 0.0558147 0.0592287 0.0804144 0.0452875 0.0557401 0.0557662 0.0405063 0.0414152 0.0554959 0.0546878 0.0466470 0.0537615 0.0546851 0.0552329 0.0552329 0.0535363 0.0360153 0.0416467 0.0381308 0.0477680 0.0397643 0.0456035 0.0485306 0.0495181 
Buccinum_tenuissimum    0.1148921 0.0930914 0.1077788 0.0615754 0.0566333 0.0820095 0.0692164 0.0716199 0.0679237 0.0812005 0.0662026 0.0802838 0.0862644 0.0681041 0.0575713 0.0450075 0.0468735 0.0000000 0.0479369 0.0537984 0.0534308 0.0830402 0.0640909 0.0421686 0.0456740 0.0799139 0.0594738 0.0389493 0.0504076 0.0496741 0.0491128 0.0369396 0.0349595 0.0583084 0.0477896 0.0486799 0.0652845 0.0652845 0.0635201 0.0410873 0.0544553 0.0470094 0.0452987 0.0413429 0.0467782 0.0505984 0.0444323 
Colus_islandicus        0.1177766 0.0574314 0.0708392 0.0662667 0.0646520 0.0832554 0.0656408 0.0635663 0.0673292 0.0620076 0.0505532 0.0873813 0.0684353 0.0488224 0.0553035 0.0501772 0.0541725 0.0479369 0.0000000 0.0469625 0.0465453 0.0456553 0.0577252 0.0474257 0.0509086 0.0783923 0.0480342 0.0364235 0.0467516 0.0431652 0.0428391 0.0469100 0.0442121 0.0414179 0.0393503 0.0329484 0.0445344 0.0445344 0.0428282 0.0309154 0.0313375 0.0313375 0.0371918 0.0295117 0.0333979 0.0425069 0.0365086 
Buccinastrum_deforme    0.1178478 0.0877970 0.0962274 0.0664871 0.0591710 0.0859234 0.0642743 0.0620523 0.0653547 0.0870872 0.0524349 0.0734109 0.0746051 0.0698055 0.0624444 0.0585359 0.0566123 0.0537984 0.0469625 0.0000000 0.0077538 0.0748089 0.0566509 0.0341621 0.0375902 0.0704297 0.0531506 0.0484636 0.0565452 0.0476411 0.0448155 0.0476057 0.0431550 0.0440215 0.0416269 0.0439785 0.0520727 0.0520727 0.0502911 0.0434730 0.0416642 0.0379860 0.0425646 0.0360403 0.0440976 0.0510108 0.0443957 
Buccinanops_cochlidium  0.1135436 0.0869627 0.0953518 0.0660354 0.0587726 0.0908091 0.0614701 0.0615033 0.0649033 0.0836292 0.0544359 0.0702020 0.0767835 0.0668897 0.0620171 0.0541520 0.0537299 0.0534308 0.0465453 0.0077538 0.0000000 0.0741316 0.0560519 0.0339397 0.0373469 0.0726675 0.0505621 0.0481527 0.0538203 0.0451408 0.0424157 0.0474875 0.0428634 0.0415784 0.0413552 0.0415326 0.0494598 0.0494598 0.0477031 0.0410691 0.0392903 0.0356777 0.0401234 0.0337732 0.0416493 0.0483802 0.0419234 
Aristofusus_excavatus   0.1539620 0.0223352 0.0339461 0.0811764 0.0792251 0.1056940 0.0739243 0.0730167 0.0855559 0.0797481 0.0633633 0.0997307 0.0826815 0.0689866 0.0746615 0.0645933 0.0714469 0.0830402 0.0456553 0.0748089 0.0741316 0.0000000 0.0788714 0.0628649 0.0664498 0.0985268 0.0529075 0.0554929 0.0588073 0.0591461 0.0603903 0.0607271 0.0596710 0.0557785 0.0575131 0.0564534 0.0609970 0.0609970 0.0591861 0.0529368 0.0462667 0.0500645 0.0585843 0.0535162 0.0561533 0.0635560 0.0604616 
Dolicholatirus_lancea   0.1252469 0.0893394 0.0980418 0.0512902 0.0455602 0.0924573 0.0879259 0.0802860 0.0810622 0.0845765 0.0700693 0.0867870 0.0844180 0.0648467 0.0726066 0.0725113 0.0652991 0.0640909 0.0577252 0.0566509 0.0560519 0.0788714 0.0000000 0.0587027 0.0621709 0.0651605 0.0549882 0.0505491 0.0629687 0.0572263 0.0638900 0.0517323 0.0509791 0.0554099 0.0495859 0.0504559 0.0622654 0.0622654 0.0605325 0.0440692 0.0517373 0.0444499 0.0433844 0.0389112 0.0412189 0.0497712 0.0451700 
Busycon_carica          0.1082069 0.0740732 0.0849701 0.0617073 0.0533120 0.0848401 0.0677429 0.0649988 0.0596509 0.0728182 0.0560808 0.0765589 0.0788120 0.0616999 0.0524367 0.0539417 0.0558147 0.0421686 0.0474257 0.0341621 0.0339397 0.0628649 0.0587027 0.0000000 0.0000023 0.0662370 0.0505820 0.0412973 0.0449286 0.0446833 0.0382917 0.0402419 0.0339219 0.0413778 0.0277382 0.0358965 0.0473521 0.0473521 0.0456097 0.0398222 0.0353410 0.0318027 0.0360728 0.0299474 0.0376003 0.0440940 0.0378388 
Fulguropsis_pyruloides  0.1121745 0.0778842 0.0886700 0.0652312 0.0568086 0.0886208 0.0713672 0.0685930 0.0632958 0.0764819 0.0577390 0.0802967 0.0824390 0.0651212 0.0560094 0.0573569 0.0592287 0.0456740 0.0509086 0.0375902 0.0373469 0.0664498 0.0621709 0.0000023 0.0000000 0.0699080 0.0540205 0.0445769 0.0483609 0.0480911 0.0416075 0.0437301 0.0373188 0.0448072 0.0310166 0.0393232 0.0508248 0.0508248 0.0490906 0.0431186 0.0387029 0.0351573 0.0395082 0.0332883 0.0410103 0.0475908 0.0412741 
Dolicholatirus_spiceri  0.1577334 0.1189391 0.1293351 0.0698659 0.0727606 0.1279847 0.1141140 0.1061582 0.1000467 0.1144457 0.0935391 0.1054158 0.0998658 0.0974455 0.0952478 0.0826658 0.0804144 0.0799139 0.0783923 0.0704297 0.0726675 0.0985268 0.0651605 0.0662370 0.0699080 0.0000000 0.0804929 0.0649337 0.0773142 0.0756723 0.0650266 0.0713491 0.0642172 0.0733275 0.0655575 0.0713319 0.0786863 0.0786863 0.0768053 0.0673831 0.0665823 0.0665823 0.0700100 0.0603079 0.0673093 0.0734289 0.0720008 
Caducifer_decapitatus   0.1049058 0.0678614 0.0728083 0.0632574 0.0554485 0.0640556 0.0530023 0.0474858 0.0523152 0.0681139 0.0317843 0.0631448 0.0508909 0.0519924 0.0645387 0.0434941 0.0452875 0.0594738 0.0480342 0.0531506 0.0505621 0.0529075 0.0549882 0.0505820 0.0540205 0.0804929 0.0000000 0.0483600 0.0464600 0.0333920 0.0329185 0.0455622 0.0408612 0.0356149 0.0353733 0.0364624 0.0387300 0.0387300 0.0370455 0.0374501 0.0362433 0.0293429 0.0315650 0.0275482 0.0296023 0.0392308 0.0332717 
Peristernia_sulcata     0.1220930 0.0715493 0.0838476 0.0527467 0.0483787 0.0862461 0.0662682 0.0655376 0.0600538 0.0745855 0.0563922 0.0831803 0.0788110 0.0414888 0.0601393 0.0539299 0.0557401 0.0389493 0.0364235 0.0484636 0.0481527 0.0554929 0.0505491 0.0412973 0.0445769 0.0649337 0.0483600 0.0000000 0.0276621 0.0414246 0.0358056 0.0411656 0.0384684 0.0453704 0.0290463 0.0392206 0.0501561 0.0501561 0.0485069 0.0250642 0.0337509 0.0371436 0.0394848 0.0319658 0.0409203 0.0436368 0.0411716 
Kelletia_kelletii       0.1252770 0.0725081 0.0785276 0.0716872 0.0718919 0.0925943 0.0649267 0.0682223 0.0676989 0.0795070 0.0586087 0.0868356 0.0797685 0.0557339 0.0664838 0.0538901 0.0557662 0.0504076 0.0467516 0.0565452 0.0538203 0.0588073 0.0629687 0.0449286 0.0483609 0.0773142 0.0464600 0.0276621 0.0000000 0.0429183 0.0370600 0.0489811 0.0459212 0.0470383 0.0356039 0.0406095 0.0520020 0.0520020 0.0502895 0.0327301 0.0384347 0.0384347 0.0445178 0.0365559 0.0423725 0.0489392 0.0462772 
Euthria_cumulata        0.1081791 0.0728869 0.0774143 0.0696406 0.0671947 0.0744503 0.0491833 0.0467193 0.0498638 0.0671531 0.0484863 0.0573245 0.0640069 0.0593572 0.0621602 0.0387062 0.0405063 0.0496741 0.0431652 0.0476411 0.0451408 0.0591461 0.0572263 0.0446833 0.0480911 0.0756723 0.0333920 0.0414246 0.0429183 0.0000000 0.0209655 0.0542057 0.0454128 0.0400199 0.0390560 0.0426148 0.0450321 0.0450321 0.0433111 0.0291140 0.0352180 0.0316963 0.0392849 0.0331117 0.0371964 0.0434587 0.0410385 
Buccinulum_linea        0.1225336 0.0734778 0.0821931 0.0646146 0.0660854 0.0775880 0.0526805 0.0522913 0.0555995 0.0668309 0.0536759 0.0559878 0.0721780 0.0568598 0.0592469 0.0396497 0.0414152 0.0491128 0.0428391 0.0448155 0.0424157 0.0603903 0.0638900 0.0382917 0.0416075 0.0650266 0.0329185 0.0358056 0.0370600 0.0209655 0.0000000 0.0510887 0.0426137 0.0410985 0.0333220 0.0384503 0.0424145 0.0424145 0.0407240 0.0338765 0.0328626 0.0328626 0.0422871 0.0344887 0.0401925 0.0466068 0.0440217 
Neptunea_polycostata    0.1223726 0.0744064 0.0807000 0.0638245 0.0549151 0.0960558 0.0614881 0.0581142 0.0583901 0.0736816 0.0492251 0.0878404 0.0735859 0.0603835 0.0535880 0.0579634 0.0554959 0.0369396 0.0469100 0.0476057 0.0474875 0.0607271 0.0517323 0.0402419 0.0437301 0.0713491 0.0455622 0.0411656 0.0489811 0.0542057 0.0510887 0.0000000 0.0093332 0.0510478 0.0342360 0.0422767 0.0563204 0.0563204 0.0545332 0.0487528 0.0457092 0.0382881 0.0408500 0.0326810 0.0443026 0.0490935 0.0426799 
Neptunea_arthritica     0.1160681 0.0730114 0.0792234 0.0589906 0.0503101 0.0948687 0.0613502 0.0599472 0.0582594 0.0658910 0.0527872 0.0806365 0.0737179 0.0532373 0.0445831 0.0527916 0.0546878 0.0349595 0.0442121 0.0431550 0.0428634 0.0596710 0.0509791 0.0339219 0.0373188 0.0642172 0.0408612 0.0384684 0.0459212 0.0454128 0.0426137 0.0093332 0.0000000 0.0443167 0.0317079 0.0376787 0.0512412 0.0512412 0.0494938 0.0405189 0.0410518 0.0338549 0.0362562 0.0284369 0.0377924 0.0441869 0.0380335 
Peristernia_gemmata     0.0988558 0.0655028 0.0746029 0.0544945 0.0507271 0.0666468 0.0602316 0.0527713 0.0539174 0.0674197 0.0402822 0.0566467 0.0532800 0.0480302 0.0612951 0.0447980 0.0466470 0.0583084 0.0414179 0.0440215 0.0415784 0.0557785 0.0554099 0.0413778 0.0448072 0.0733275 0.0356149 0.0453704 0.0470383 0.0400199 0.0410985 0.0510478 0.0443167 0.0000000 0.0351950 0.0141116 0.0110004 0.0110004 0.0094201 0.0310983 0.0141748 0.0093618 0.0177127 0.0173913 0.0176042 0.0196707 0.0193557 
Eosipho_smithi          0.1070630 0.0706338 0.0768828 0.0469321 0.0470072 0.0815645 0.0592493 0.0603378 0.0586976 0.0730516 0.0475160 0.0785003 0.0675110 0.0482442 0.0471071 0.0518991 0.0537615 0.0477896 0.0393503 0.0416269 0.0413552 0.0575131 0.0495859 0.0277382 0.0310166 0.0655575 0.0353733 0.0290463 0.0356039 0.0390560 0.0333220 0.0342360 0.0317079 0.0351950 0.0000000 0.0298876 0.0409088 0.0409088 0.0392074 0.0394612 0.0313486 0.0278919 0.0336372 0.0260917 0.0351504 0.0414410 0.0353657 
Peristernia_marquesana  0.1080876 0.0639036 0.0728257 0.0622536 0.0545826 0.0721459 0.0661169 0.0623535 0.0597406 0.0667654 0.0475819 0.0682942 0.0617045 0.0434329 0.0579780 0.0528522 0.0546851 0.0486799 0.0329484 0.0439785 0.0415326 0.0564534 0.0504559 0.0358965 0.0393232 0.0713319 0.0364624 0.0392206 0.0406095 0.0426148 0.0384503 0.0422767 0.0376787 0.0141116 0.0298876 0.0000000 0.0155508 0.0155508 0.0139865 0.0321442 0.0170941 0.0138980 0.0157211 0.0154436 0.0172342 0.0173405 0.0154629 
Peristernia_reincarnata 0.1186748 0.0688026 0.0777687 0.0668688 0.0630752 0.0770164 0.0752442 0.0671829 0.0687205 0.0767479 0.0539918 0.0649655 0.0584602 0.0546775 0.0683720 0.0533809 0.0552329 0.0652845 0.0445344 0.0520727 0.0494598 0.0609970 0.0622654 0.0473521 0.0508248 0.0786863 0.0387300 0.0501561 0.0520020 0.0450321 0.0424145 0.0563204 0.0512412 0.0110004 0.0409088 0.0155508 0.0000000 0.0000010 0.0000023 0.0393173 0.0172473 0.0140217 0.0224928 0.0220822 0.0240047 0.0262565 0.0241368 
Peristernia_forskalii   0.1186748 0.0688026 0.0777687 0.0668688 0.0630752 0.0770164 0.0752442 0.0671829 0.0687205 0.0767479 0.0539918 0.0649655 0.0584602 0.0546775 0.0683720 0.0533809 0.0552329 0.0652845 0.0445344 0.0520727 0.0494598 0.0609970 0.0622654 0.0473521 0.0508248 0.0786863 0.0387300 0.0501561 0.0520020 0.0450321 0.0424145 0.0563204 0.0512412 0.0110004 0.0409088 0.0155508 0.0000010 0.0000000 0.0000023 0.0393173 0.0172473 0.0140217 0.0224928 0.0220822 0.0240047 0.0262565 0.0241368 
Peristernia_nassatula   0.1166937 0.0669021 0.0759096 0.0650679 0.0612594 0.0751804 0.0733953 0.0653731 0.0668675 0.0749159 0.0522148 0.0630996 0.0566657 0.0529991 0.0665814 0.0516840 0.0535363 0.0635201 0.0428282 0.0502911 0.0477031 0.0591861 0.0605325 0.0456097 0.0490906 0.0768053 0.0370455 0.0485069 0.0502895 0.0433111 0.0407240 0.0545332 0.0494938 0.0094201 0.0392074 0.0139865 0.0000023 0.0000023 0.0000000 0.0376859 0.0156697 0.0124548 0.0208759 0.0204955 0.0223957 0.0246069 0.0225177 
Serratifusus_lineatus   0.1068446 0.0690484 0.0732730 0.0611939 0.0498602 0.0669659 0.0541182 0.0514738 0.0544613 0.0637275 0.0392822 0.0600499 0.0607261 0.0428266 0.0605097 0.0342790 0.0360153 0.0410873 0.0309154 0.0434730 0.0410691 0.0529368 0.0440692 0.0398222 0.0431186 0.0673831 0.0374501 0.0250642 0.0327301 0.0291140 0.0338765 0.0487528 0.0405189 0.0310983 0.0394612 0.0321442 0.0393173 0.0393173 0.0376859 0.0000000 0.0268757 0.0235868 0.0289776 0.0251499 0.0271046 0.0294193 0.0306244 
Leucozonia_ocellata     0.1021417 0.0620838 0.0751373 0.0557531 0.0558676 0.0686197 0.0595198 0.0521716 0.0532885 0.0571527 0.0398463 0.0535476 0.0514910 0.0447505 0.0519623 0.0398722 0.0416467 0.0544553 0.0313375 0.0416642 0.0392903 0.0462667 0.0517373 0.0353410 0.0387029 0.0665823 0.0362433 0.0337509 0.0384347 0.0352180 0.0328626 0.0457092 0.0410518 0.0141748 0.0313486 0.0170941 0.0172473 0.0172473 0.0156697 0.0268757 0.0000000 0.0060344 0.0172150 0.0137540 0.0187120 0.0207735 0.0188090 
Leucozonia_nassa        0.0949334 0.0620838 0.0710430 0.0519350 0.0482135 0.0605305 0.0555604 0.0483506 0.0493724 0.0571527 0.0361850 0.0496145 0.0439740 0.0412528 0.0519623 0.0363685 0.0381308 0.0470094 0.0313375 0.0379860 0.0356777 0.0500645 0.0444499 0.0318027 0.0351573 0.0665823 0.0293429 0.0371436 0.0384347 0.0316963 0.0328626 0.0382881 0.0338549 0.0093618 0.0278919 0.0138980 0.0140217 0.0140217 0.0124548 0.0235868 0.0060344 0.0000000 0.0108168 0.0075445 0.0123233 0.0174719 0.0123836 
Cinctura_hunteria       0.1046309 0.0681591 0.0787810 0.0587574 0.0471667 0.0679414 0.0625186 0.0571040 0.0543516 0.0588652 0.0424278 0.0629054 0.0543716 0.0401719 0.0608129 0.0459429 0.0477680 0.0452987 0.0371918 0.0425646 0.0401234 0.0585843 0.0433844 0.0360728 0.0395082 0.0700100 0.0315650 0.0394848 0.0445178 0.0392849 0.0422871 0.0408500 0.0362562 0.0177127 0.0336372 0.0157211 0.0224928 0.0224928 0.0208759 0.0289776 0.0172150 0.0108168 0.0000000 0.0060993 0.0076507 0.0126926 0.0077252 
Hemipolygona_armata     0.0877994 0.0680728 0.0728664 0.0498735 0.0423849 0.0623517 0.0532471 0.0482273 0.0453564 0.0550139 0.0378900 0.0592891 0.0494498 0.0359332 0.0518322 0.0380008 0.0397643 0.0413429 0.0295117 0.0360403 0.0337732 0.0535162 0.0389112 0.0299474 0.0332883 0.0603079 0.0275482 0.0319658 0.0365559 0.0331117 0.0344887 0.0326810 0.0284369 0.0173913 0.0260917 0.0154436 0.0220822 0.0220822 0.0204955 0.0251499 0.0137540 0.0075445 0.0060993 0.0000000 0.0107148 0.0125457 0.0076386 
Triplofusus_giganteus   0.1053235 0.0683914 0.0759696 0.0563199 0.0486980 0.0652719 0.0621949 0.0546729 0.0518943 0.0617306 0.0402290 0.0563165 0.0520054 0.0381161 0.0583424 0.0437998 0.0456035 0.0467782 0.0333979 0.0440976 0.0416493 0.0561533 0.0412189 0.0376003 0.0410103 0.0673093 0.0296023 0.0409203 0.0423725 0.0371964 0.0401925 0.0443026 0.0377924 0.0176042 0.0351504 0.0172342 0.0240047 0.0240047 0.0223957 0.0271046 0.0187120 0.0123233 0.0076507 0.0107148 0.0000000 0.0141567 0.0091973 
Fasciolaria_bullisi     0.1025189 0.0760192 0.0844561 0.0651926 0.0517545 0.0805583 0.0677390 0.0620820 0.0593985 0.0659393 0.0493731 0.0644481 0.0658026 0.0457563 0.0698721 0.0466759 0.0485306 0.0505984 0.0425069 0.0510108 0.0483802 0.0635560 0.0497712 0.0440940 0.0475908 0.0734289 0.0392308 0.0436368 0.0489392 0.0434587 0.0466068 0.0490935 0.0441869 0.0196707 0.0414410 0.0173405 0.0262565 0.0262565 0.0246069 0.0294193 0.0207735 0.0174719 0.0126926 0.0125457 0.0141567 0.0000000 0.0045423 
Fasciolaria_tulipa      0.0987504 0.0689469 0.0765994 0.0606385 0.0451668 0.0699257 0.0644615 0.0589934 0.0562849 0.0629424 0.0442492 0.0625886 0.0562321 0.0418909 0.0627042 0.0476897 0.0495181 0.0444323 0.0365086 0.0443957 0.0419234 0.0604616 0.0451700 0.0378388 0.0412741 0.0720008 0.0332717 0.0411716 0.0462772 0.0410385 0.0440217 0.0426799 0.0380335 0.0193557 0.0353657 0.0154629 0.0241368 0.0241368 0.0225177 0.0306244 0.0188090 0.0123836 0.0077252 0.0076386 0.0091973 0.0045423 0.0000000 
