62
Littorina_brevicula          0.0000000 0.9267072 0.7372223 0.7634191 0.8938827 0.9013467 0.7079649 0.7638068 0.8213963 0.8515117 0.8030004 0.8658519 0.7680293 0.9082689 0.7959882 0.6945835 0.6678099 0.7668858 1.0912474 0.9825186 1.0358493 0.9721987 0.8454761 0.8967553 0.8146741 0.9182460 0.8939971 0.9560897 0.8714100 0.7527824 0.7370828 0.7688265 0.7955985 0.8941659 0.7489717 0.7404027 0.8205951 0.9094491 0.7006465 0.8397016 0.7582336 0.7630445 0.7886856 0.7031130 0.8789241 0.7840271 0.8487550 0.7554369 0.7842424 0.7378192 0.6959593 0.6949437 0.6920709 0.6571675 0.6349589 0.6955909 0.7095997 0.6914150 0.6259081 0.6187504 0.5962727 0.6136928 
Cancellaria_cancellata       0.9267072 0.0000000 0.2963743 0.3317072 0.7437314 0.7580796 0.5467201 0.7391363 0.6507290 0.7112243 0.6832320 0.7253783 0.6960816 0.6570427 0.6139345 0.5528441 0.6164830 0.6276492 0.8558905 0.7927769 0.6603622 0.6486628 0.6763214 0.6831022 0.6351061 0.7505176 0.6347575 0.7043575 0.8106133 0.7225919 0.7101990 0.7051986 0.6521369 0.6386395 0.6741247 0.6818394 0.6569878 0.6282152 0.6647357 0.6927653 0.5982888 0.6165570 0.6174109 0.5701768 0.6624808 0.5687282 0.5788307 0.6295011 0.6324746 0.6027725 0.5651224 0.5844323 0.5932997 0.5453477 0.5367304 0.6180387 0.5401486 0.5714040 0.5975763 0.5962038 0.5649323 0.5746438 
Cancellaria_cooperi          0.7372223 0.2963743 0.0000000 0.2157376 0.6805597 0.6548025 0.5480279 0.5446184 0.5928848 0.5888356 0.5388114 0.5593509 0.5353495 0.5989601 0.5203476 0.4799979 0.5494458 0.5841458 0.7208767 0.6695937 0.6192597 0.5586295 0.6048183 0.6040882 0.6249050 0.5746663 0.5837817 0.6369839 0.6607794 0.6392245 0.6479277 0.5997065 0.5837127 0.5485812 0.5727141 0.5513793 0.5821514 0.5331440 0.5155907 0.5930217 0.5017693 0.4972627 0.5019215 0.4829229 0.5971376 0.5161069 0.5443020 0.5201450 0.5168802 0.4707195 0.4533800 0.5201952 0.5325446 0.4764062 0.4656791 0.5424824 0.4689871 0.4780540 0.4778644 0.4844461 0.5124858 0.4939378 
Cancellaria_sinensis         0.7634191 0.3317072 0.2157376 0.0000000 0.7016928 0.7000889 0.6254923 0.6426460 0.6996579 0.5746734 0.6500189 0.6238650 0.5813730 0.6296709 0.5910972 0.4982019 0.5781615 0.6205062 0.8871557 0.8052668 0.6550486 0.6492670 0.6198743 0.6074688 0.5752829 0.6646489 0.6570803 0.7321608 0.6699150 0.7277282 0.7099755 0.6283443 0.6043790 0.6106472 0.6284120 0.6295879 0.6188473 0.5561843 0.5683468 0.5809107 0.5456569 0.5190106 0.5044830 0.5655419 0.6626395 0.5686953 0.6552596 0.6020271 0.6155001 0.5084761 0.5144385 0.6105726 0.6264124 0.5297958 0.5412228 0.5995327 0.5342583 0.5375496 0.5802566 0.5494281 0.5860461 0.5919218 
Microvoluta_sp.              0.8938827 0.7437314 0.6805597 0.7016928 0.0000000 0.2909065 0.5730541 0.6644651 0.6499422 0.7026409 0.5523707 0.6522613 0.5518642 0.5556355 0.5240785 0.4997294 0.5311728 0.5625890 0.7426487 0.5798987 0.6237546 0.6038793 0.5162793 0.5779926 0.5234373 0.7435351 0.5917486 0.6331426 0.6216324 0.5965527 0.5681537 0.5770793 0.6494836 0.4981556 0.5276885 0.5601216 0.5566301 0.6040743 0.6035381 0.5916752 0.6130793 0.5596988 0.6144169 0.3629060 0.6509554 0.4906949 0.4991422 0.5505550 0.5206950 0.4837369 0.5350394 0.5053049 0.5228225 0.4887649 0.5088564 0.4710281 0.4541412 0.4685616 0.4763110 0.4664534 0.4714224 0.4691372 
Vexillum_plicarium           0.9013467 0.7580796 0.6548025 0.7000889 0.2909065 0.0000000 0.5525113 0.6320199 0.5717456 0.5890698 0.4950096 0.5765334 0.5472385 0.5549903 0.5075914 0.4991343 0.4993147 0.5828753 0.6767265 0.7577954 0.6682204 0.6224853 0.5148874 0.4889247 0.4681967 0.7168944 0.5611528 0.5932632 0.5713665 0.5914783 0.5964030 0.5780726 0.5592167 0.5380764 0.5442946 0.5606321 0.5361468 0.6368246 0.5179431 0.5514565 0.5147726 0.5349443 0.5850184 0.3980660 0.6052036 0.4808353 0.5549505 0.4688222 0.4906606 0.4059124 0.4040778 0.4853483 0.4823948 0.4345867 0.4384204 0.4267497 0.3883366 0.4201512 0.4100402 0.4064359 0.3855483 0.4092676 
Biplex_perca                 0.7079649 0.5467201 0.5480279 0.6254923 0.5730541 0.5525113 0.0000000 0.4635432 0.3352345 0.4871899 0.4219880 0.5201388 0.4686320 0.5031725 0.4977668 0.4651909 0.4945793 0.4961866 0.6644783 0.6572924 0.6138821 0.5637451 0.5553688 0.5598486 0.5475530 0.5878918 0.6271989 0.6350199 0.5817732 0.5736729 0.5617110 0.5827302 0.4633424 0.4647544 0.4864309 0.4408897 0.4925017 0.5098430 0.5555258 0.4947332 0.5068484 0.4540537 0.5182001 0.4126044 0.5275708 0.5325204 0.4852113 0.4558659 0.5032079 0.4066360 0.4093247 0.4473251 0.4472564 0.4246574 0.4068795 0.4267270 0.4086802 0.4283060 0.3989149 0.4091175 0.4170319 0.4075802 
Ficus_subintermedia          0.7638068 0.7391363 0.5446184 0.6426460 0.6644651 0.6320199 0.4635432 0.0000000 0.5869521 0.6388702 0.5324809 0.5600796 0.5216232 0.5302354 0.6096401 0.5688923 0.5214515 0.6257590 0.6200096 0.6022367 0.6583677 0.5962702 0.6257591 0.6160719 0.5668614 0.7165614 0.6645502 0.6849676 0.6750797 0.5118263 0.5087796 0.5828274 0.5591206 0.5903551 0.6362488 0.6191824 0.5782296 0.5738644 0.5238105 0.6425954 0.5077189 0.4823090 0.5192938 0.4761688 0.6027741 0.5088205 0.5572889 0.5293544 0.5570634 0.5374889 0.5134040 0.5312048 0.5412306 0.5267554 0.5111413 0.5316227 0.4722280 0.4837982 0.4725830 0.4765387 0.4970718 0.4899984 
Fusitriton_oregonensis       0.8213963 0.6507290 0.5928848 0.6996579 0.6499422 0.5717456 0.3352345 0.5869521 0.0000000 0.5930953 0.4509452 0.6272788 0.5648171 0.4893150 0.4725248 0.4762477 0.5133396 0.5271553 0.7107264 0.6535202 0.6228386 0.6087157 0.6174969 0.6102698 0.6115713 0.6670797 0.6523707 0.5468824 0.5827809 0.5733804 0.5728631 0.6254535 0.4432928 0.5370557 0.5433789 0.5111675 0.4971455 0.5564994 0.6127192 0.6460267 0.4837282 0.4116154 0.4771785 0.4979565 0.6601210 0.5180870 0.5063245 0.5319494 0.5116024 0.4735268 0.4955670 0.4838587 0.4910747 0.4507920 0.4213607 0.4941333 0.4605128 0.4773335 0.4445892 0.4361256 0.4969654 0.4981451 
Mitrella_bicincta            0.8515117 0.7112243 0.5888356 0.5746734 0.7026409 0.5890698 0.4871899 0.6388702 0.5930953 0.0000000 0.4684115 0.4802232 0.4912024 0.5887785 0.5846431 0.5375387 0.5542231 0.5699337 0.8218253 0.7506647 0.7174921 0.6013551 0.5666913 0.5008809 0.5036057 0.6237963 0.6196924 0.5894445 0.6684676 0.6146114 0.5992240 0.5228431 0.6849999 0.5639606 0.5527868 0.5655109 0.6484712 0.5592657 0.5513088 0.6355421 0.4833824 0.4605012 0.4663196 0.4674308 0.5407217 0.4926953 0.5181648 0.4902958 0.5188913 0.4747112 0.3739508 0.4293069 0.4357463 0.4059338 0.4007493 0.4571230 0.4339681 0.4021263 0.3730885 0.3754160 0.4037043 0.4190081 
Metula_amosi                 0.8030004 0.6832320 0.5388114 0.6500189 0.5523707 0.4950096 0.4219880 0.5324809 0.4509452 0.4684115 0.0000000 0.2673636 0.2033648 0.4074521 0.3834697 0.3612112 0.3597442 0.4172847 0.6085609 0.6395045 0.5266082 0.5508603 0.4834312 0.4505337 0.4194489 0.5555369 0.5316536 0.5243065 0.5223361 0.4926348 0.4797502 0.5235785 0.4596495 0.4490415 0.4645527 0.4814211 0.4906951 0.5315472 0.4907917 0.4569377 0.3986636 0.3592415 0.4225676 0.3600232 0.4406022 0.4214070 0.4424267 0.3623375 0.3590763 0.3774298 0.3100198 0.3255420 0.3217187 0.3039174 0.2978190 0.3314329 0.2867943 0.3087808 0.2850160 0.2820325 0.3001290 0.3036826 
Colubraria_nitidula          0.8658519 0.7253783 0.5593509 0.6238650 0.6522613 0.5765334 0.5201388 0.5600796 0.6272788 0.4802232 0.2673636 0.0000000 0.1524705 0.4630196 0.4217947 0.3746756 0.3785143 0.3988722 0.6876340 0.6507297 0.6216022 0.5792393 0.5207176 0.4974332 0.5206115 0.7801243 0.6182274 0.6433116 0.6030917 0.5797347 0.5731700 0.5545317 0.5958899 0.5412397 0.4778949 0.4634000 0.5556154 0.5589078 0.5568144 0.5433962 0.4742555 0.4731590 0.4909859 0.4179121 0.4980309 0.4345570 0.5550293 0.4435428 0.4518763 0.3886845 0.3448498 0.3828606 0.3797101 0.3332984 0.3346754 0.3502236 0.3424528 0.3364895 0.3409533 0.3352992 0.3439364 0.3440636 
Colubraria_obscura           0.7680293 0.6960816 0.5353495 0.5813730 0.5518642 0.5472385 0.4686320 0.5216232 0.5648171 0.4912024 0.2033648 0.1524705 0.0000000 0.4161178 0.3739598 0.3872229 0.3854752 0.4214498 0.6520457 0.6383721 0.6079780 0.5447042 0.4786114 0.4626061 0.5007100 0.6216513 0.5152159 0.5314912 0.5456790 0.4886021 0.4452699 0.4995916 0.5581573 0.5033219 0.4187563 0.4360897 0.4526242 0.5392093 0.4870614 0.4916276 0.4404852 0.4242935 0.4607949 0.4214221 0.4899900 0.4186738 0.4548408 0.3863734 0.4253735 0.3850936 0.3451502 0.3658252 0.3606239 0.3256039 0.3272606 0.3725104 0.3075006 0.3278192 0.3124420 0.3060226 0.3186936 0.3126138 
Cantharus_multangulus        0.9082689 0.6570427 0.5989601 0.6296709 0.5556355 0.5549903 0.5031725 0.5302354 0.4893150 0.5887785 0.4074521 0.4630196 0.4161178 0.0000000 0.3143801 0.2714984 0.2965675 0.3001353 0.5929340 0.5779955 0.5232091 0.5164355 0.5192868 0.4568120 0.4593189 0.7198563 0.5686371 0.6440048 0.5949098 0.5448780 0.5312872 0.5178568 0.5547341 0.5148244 0.4978265 0.4855242 0.5016236 0.5360109 0.5135793 0.4510326 0.3833978 0.3921317 0.4007879 0.3851820 0.3919514 0.4624450 0.4755054 0.3893774 0.4409496 0.3819163 0.2914185 0.3153529 0.3173424 0.2999715 0.3011958 0.3263121 0.2917227 0.2970484 0.2806006 0.2647566 0.2978821 0.2870783 
Pisania_pusio                0.7959882 0.6139345 0.5203476 0.5910972 0.5240785 0.5075914 0.4977668 0.6096401 0.4725248 0.5846431 0.3834697 0.4217947 0.3739598 0.3143801 0.0000000 0.1576070 0.1535037 0.1663791 0.5845871 0.5843739 0.5400141 0.4932132 0.4091978 0.3901718 0.3891931 0.6766789 0.5229032 0.5300287 0.4976344 0.4747978 0.5089963 0.5645218 0.5531847 0.4214493 0.5117686 0.5023129 0.5084760 0.5581643 0.4543423 0.4491098 0.3560085 0.3965519 0.3972857 0.3644201 0.3839051 0.4222580 0.4675483 0.3193786 0.3384713 0.3459176 0.2878703 0.3140595 0.3153953 0.2759607 0.2843804 0.2962465 0.2727501 0.2834977 0.2834323 0.2677532 0.2722059 0.2814615 
Pollia_tincta                0.6945835 0.5528441 0.4799979 0.4982019 0.4997294 0.4991343 0.4651909 0.5688923 0.4762477 0.5375387 0.3612112 0.3746756 0.3872229 0.2714984 0.1576070 0.0000000 0.1235799 0.1336755 0.5990819 0.5362844 0.4633363 0.4649881 0.4271423 0.4376765 0.4268191 0.6130606 0.4610283 0.4966515 0.5119107 0.4956988 0.4827466 0.4958599 0.5367840 0.4340766 0.4610898 0.4395261 0.4537689 0.5091392 0.4512531 0.4693173 0.3583107 0.3604381 0.3681966 0.3408718 0.3820735 0.3879955 0.4209817 0.3160011 0.3404686 0.2890947 0.2589453 0.2744067 0.2756500 0.2591730 0.2615576 0.2634256 0.2440847 0.2293263 0.2362055 0.2198485 0.2662219 0.2571174 
Engina_mendicaria            0.6678099 0.6164830 0.5494458 0.5781615 0.5311728 0.4993147 0.4945793 0.5214515 0.5133396 0.5542231 0.3597442 0.3785143 0.3854752 0.2965675 0.1535037 0.1235799 0.0000000 0.1310048 0.5859218 0.5340027 0.4982597 0.4806278 0.4020965 0.4126640 0.4092946 0.6085766 0.4950772 0.4917264 0.5097142 0.5027395 0.4960625 0.5257956 0.5492819 0.4466847 0.4519007 0.4320551 0.4978797 0.5428429 0.4349665 0.4384087 0.3671735 0.3984752 0.4154751 0.3428542 0.3530867 0.4062511 0.4318649 0.3014414 0.3336102 0.2983413 0.2460390 0.2660124 0.2653284 0.2392229 0.2437514 0.2538454 0.2514386 0.2352821 0.2335673 0.2206804 0.2352434 0.2307933 
Pisania_striata              0.7668858 0.6276492 0.5841458 0.6205062 0.5625890 0.5828753 0.4961866 0.6257590 0.5271553 0.5699337 0.4172847 0.3988722 0.4214498 0.3001353 0.1663791 0.1336755 0.1310048 0.0000000 0.6296458 0.5771441 0.5295331 0.5235707 0.4791570 0.4539775 0.4183335 0.6611443 0.5526521 0.5419915 0.5337174 0.5241268 0.4968624 0.5388536 0.5899439 0.4187566 0.5122826 0.4815961 0.4839345 0.5188049 0.4576207 0.4327014 0.3804104 0.3979028 0.4051528 0.3664693 0.4047402 0.4268269 0.4197632 0.2777148 0.3753047 0.3369739 0.2729306 0.2758134 0.2809888 0.2531718 0.2683862 0.2823070 0.2527322 0.2560707 0.2515759 0.2354915 0.2682893 0.2698815 
Mitra_lens                   1.0912474 0.8558905 0.7208767 0.8871557 0.7426487 0.6767265 0.6644783 0.6200096 0.7107264 0.8218253 0.6085609 0.6876340 0.6520457 0.5929340 0.5845871 0.5990819 0.5859218 0.6296458 0.0000000 0.6885584 0.6540653 0.6735107 0.6156554 0.6230186 0.6038329 0.6884343 0.6374488 0.6659988 0.7650116 0.5787249 0.5828072 0.5656536 0.7858349 0.6940551 0.6384954 0.6438350 0.6764245 0.6034179 0.5173843 0.6701819 0.6033952 0.6669707 0.7069226 0.5682444 0.6317613 0.6321890 0.6473162 0.5513008 0.6078327 0.5631704 0.5320057 0.5374999 0.5303363 0.5442802 0.5472727 0.5507046 0.5477574 0.5112136 0.5543255 0.5483402 0.5486644 0.5596193 
Thalessa_savignyi            0.9825186 0.7927769 0.6695937 0.8052668 0.5798987 0.7577954 0.6572924 0.6022367 0.6535202 0.7506647 0.6395045 0.6507297 0.6383721 0.5779955 0.5843739 0.5362844 0.5340027 0.5771441 0.6885584 0.0000000 0.3395526 0.3421308 0.6383181 0.5731658 0.5248593 0.8356141 0.6166125 0.5839668 0.7805212 0.6894851 0.6955646 0.6115273 0.6692577 0.6823831 0.6207572 0.6271898 0.5901364 0.4795610 0.5101074 0.6348611 0.6263732 0.5508249 0.5636331 0.5059680 0.6454120 0.5525680 0.5469537 0.5540777 0.5408002 0.5374120 0.5454993 0.4921383 0.5115269 0.5211699 0.4969871 0.5330394 0.4697181 0.5037161 0.4620840 0.4716235 0.4779407 0.5027326 
Thais_clavigera              1.0358493 0.6603622 0.6192597 0.6550486 0.6237546 0.6682204 0.6138821 0.6583677 0.6228386 0.7174921 0.5266082 0.6216022 0.6079780 0.5232091 0.5400141 0.4633363 0.4982597 0.5295331 0.6540653 0.3395526 0.0000000 0.2515909 0.5942968 0.5846172 0.5561884 0.6717272 0.5837079 0.5828038 0.6365234 0.6828904 0.6084208 0.5892168 0.5591641 0.5509260 0.6228799 0.6277934 0.5640532 0.4690626 0.4528951 0.6153314 0.5696506 0.5375695 0.5409148 0.4982271 0.5594264 0.5209007 0.4791138 0.5506248 0.5960584 0.5221202 0.5048447 0.5005711 0.5099711 0.5011037 0.5056903 0.5316797 0.4135166 0.4860168 0.4784554 0.4621800 0.5093443 0.5038592 
Thais_haemastoma             0.9721987 0.6486628 0.5586295 0.6492670 0.6038793 0.6224853 0.5637451 0.5962702 0.6087157 0.6013551 0.5508603 0.5792393 0.5447042 0.5164355 0.4932132 0.4649881 0.4806278 0.5235707 0.6735107 0.3421308 0.2515909 0.0000000 0.5573830 0.5613078 0.5189911 0.5997753 0.4892705 0.5130961 0.6602219 0.5776989 0.5107478 0.5275968 0.6506167 0.5051928 0.5995846 0.6008760 0.5388519 0.4384852 0.4379483 0.5618757 0.5150260 0.4462131 0.4597793 0.4127560 0.5174450 0.4852195 0.4674390 0.5562969 0.4411067 0.4746654 0.4636104 0.4584549 0.4587378 0.4807004 0.4809315 0.5113439 0.3997966 0.4451489 0.4190598 0.4230553 0.4560074 0.4683145 
Melongena_patula             0.8454761 0.6763214 0.6048183 0.6198743 0.5162793 0.5148874 0.5553688 0.6257591 0.6174969 0.5666913 0.4834312 0.5207176 0.4786114 0.5192868 0.4091978 0.4271423 0.4020965 0.4791570 0.6156554 0.6383181 0.5942968 0.5573830 0.0000000 0.3366225 0.2737136 0.6940446 0.5464561 0.5543422 0.6152646 0.6034607 0.6197084 0.6283252 0.6875708 0.5412218 0.5624663 0.5920104 0.5417641 0.5476394 0.5289487 0.5228427 0.4559049 0.4588161 0.4338588 0.3612432 0.5124448 0.4543951 0.4973628 0.4551760 0.4392133 0.3901247 0.3619074 0.3934110 0.3999673 0.3611252 0.3458233 0.3781846 0.3820589 0.3962374 0.3320693 0.3391849 0.3449930 0.3454387 
Hemifusus_tuba               0.8967553 0.6831022 0.6040882 0.6074688 0.5779926 0.4889247 0.5598486 0.6160719 0.6102698 0.5008809 0.4505337 0.4974332 0.4626061 0.4568120 0.3901718 0.4376765 0.4126640 0.4539775 0.6230186 0.5731658 0.5846172 0.5613078 0.3366225 0.0000000 0.2262872 0.6443295 0.5827096 0.5182998 0.6520273 0.5913757 0.5977424 0.5496364 0.6149429 0.5246737 0.5659343 0.5726577 0.6103148 0.5814339 0.5397270 0.4828936 0.4893951 0.4854263 0.5014465 0.3794671 0.4991683 0.4928825 0.4521536 0.4419667 0.4555830 0.4177730 0.4071772 0.3778248 0.3776847 0.3618966 0.3471778 0.3864591 0.3386315 0.3810738 0.3347055 0.3260008 0.3402089 0.3561179 
Volema_myristica             0.8146741 0.6351061 0.6249050 0.5752829 0.5234373 0.4681967 0.5475530 0.5668614 0.6115713 0.5036057 0.4194489 0.5206115 0.5007100 0.4593189 0.3891931 0.4268191 0.4092946 0.4183335 0.6038329 0.5248593 0.5561884 0.5189911 0.2737136 0.2262872 0.0000000 0.6452376 0.4877758 0.5481426 0.6678813 0.5729820 0.5667714 0.5454518 0.5880422 0.5305196 0.5055906 0.5452211 0.5551365 0.4806585 0.5307414 0.4135826 0.4688222 0.4823824 0.4550592 0.3743816 0.4655211 0.4461014 0.4308722 0.4077117 0.3691152 0.3875119 0.3293832 0.3358194 0.3415249 0.3276747 0.3196261 0.3509111 0.3373153 0.3593978 0.3082683 0.3059854 0.3130230 0.3430388 
Plesiotriton_sp.             0.9182460 0.7505176 0.5746663 0.6646489 0.7435351 0.7168944 0.5878918 0.7165614 0.6670797 0.6237963 0.5555369 0.7801243 0.6216513 0.7198563 0.6766789 0.6130606 0.6085766 0.6611443 0.6884343 0.8356141 0.6717272 0.5997753 0.6940446 0.6443295 0.6452376 0.0000000 0.7316137 0.6681971 0.6560772 0.6492827 0.6225448 0.6121171 0.6029452 0.6215614 0.5758419 0.5754456 0.6358407 0.6674434 0.5563568 0.7018331 0.6086199 0.5284932 0.5944929 0.6126144 0.6943374 0.6168061 0.5576005 0.6258767 0.6300253 0.5543532 0.5693402 0.5018276 0.5098673 0.5215503 0.5050140 0.6154360 0.5364233 0.5772037 0.5217804 0.5375744 0.5515278 0.5573759 
Muricanthus_radix            0.8939971 0.6347575 0.5837817 0.6570803 0.5917486 0.5611528 0.6271989 0.6645502 0.6523707 0.6196924 0.5316536 0.6182274 0.5152159 0.5686371 0.5229032 0.4610283 0.4950772 0.5526521 0.6374488 0.6166125 0.5837079 0.4892705 0.5464561 0.5827096 0.4877758 0.7316137 0.0000000 0.2342620 0.7332990 0.5892009 0.5767083 0.5317509 0.6590875 0.5629822 0.5411398 0.5759622 0.5009445 0.4865954 0.4465779 0.6433742 0.5443700 0.5158012 0.5120782 0.4984704 0.5860777 0.4886698 0.4120614 0.5516577 0.4916091 0.4902711 0.4912718 0.4766413 0.4980910 0.4405797 0.4564985 0.5364609 0.4180246 0.4466657 0.4437635 0.4629985 0.4567076 0.4577553 
Siratus_beauii               0.9560897 0.7043575 0.6369839 0.7321608 0.6331426 0.5932632 0.6350199 0.6849676 0.5468824 0.5894445 0.5243065 0.6433116 0.5314912 0.6440048 0.5300287 0.4966515 0.4917264 0.5419915 0.6659988 0.5839668 0.5828038 0.5130961 0.5543422 0.5182998 0.5481426 0.6681971 0.2342620 0.0000000 0.7027525 0.6355420 0.6251631 0.6260643 0.6345649 0.5976842 0.5762192 0.5812763 0.5260866 0.5947485 0.5108942 0.6302536 0.6293494 0.6162245 0.6044523 0.5161185 0.6110593 0.5206508 0.4382946 0.5608490 0.5080212 0.5160254 0.5691335 0.4920139 0.5095970 0.4728812 0.4973172 0.5334057 0.4516186 0.5046097 0.4578296 0.4663655 0.4970862 0.5016321 
Conus_praecellens            0.8714100 0.8106133 0.6607794 0.6699150 0.6216324 0.5713665 0.5817732 0.6750797 0.5827809 0.6684676 0.5223361 0.6030917 0.5456790 0.5949098 0.4976344 0.5119107 0.5097142 0.5337174 0.7650116 0.7805212 0.6365234 0.6602219 0.6152646 0.6520273 0.6678813 0.6560772 0.7332990 0.7027525 0.0000000 0.6417671 0.6291858 0.5755969 0.5735062 0.4978238 0.5714906 0.5786522 0.5170932 0.5938176 0.5678243 0.5447012 0.5447069 0.5059296 0.5469674 0.4534391 0.6228095 0.4606735 0.6284876 0.5800650 0.5233355 0.5404961 0.4780683 0.4611074 0.4778198 0.4520765 0.4565369 0.5400002 0.5080131 0.4724026 0.5061842 0.4785390 0.5057846 0.4957686 
Oliva_mustelina              0.7527824 0.7225919 0.6392245 0.7277282 0.5965527 0.5914783 0.5736729 0.5118263 0.5733804 0.6146114 0.4926348 0.5797347 0.4886021 0.5448780 0.4747978 0.4956988 0.5027395 0.5241268 0.5787249 0.6894851 0.6828904 0.5776989 0.6034607 0.5913757 0.5729820 0.6492827 0.5892009 0.6355420 0.6417671 0.0000000 0.2030803 0.3924421 0.6045298 0.5615010 0.4886136 0.5346840 0.4702571 0.5551044 0.4920190 0.6070374 0.4228862 0.4553603 0.4647163 0.4830416 0.6024688 0.5192820 0.4730732 0.4848314 0.4700459 0.5185067 0.4671620 0.4566202 0.4643994 0.5022814 0.4858148 0.5329446 0.4277395 0.5086101 0.4459391 0.4496226 0.4657314 0.4606985 
Oliva_spicata                0.7370828 0.7101990 0.6479277 0.7099755 0.5681537 0.5964030 0.5617110 0.5087796 0.5728631 0.5992240 0.4797502 0.5731700 0.4452699 0.5312872 0.5089963 0.4827466 0.4960625 0.4968624 0.5828072 0.6955646 0.6084208 0.5107478 0.6197084 0.5977424 0.5667714 0.6225448 0.5767083 0.6251631 0.6291858 0.2030803 0.0000000 0.4074538 0.5006772 0.5631051 0.5231318 0.5143750 0.5043093 0.5514639 0.4819218 0.5341586 0.4728298 0.4761186 0.5207250 0.4709148 0.5802146 0.5200614 0.4897888 0.4653260 0.4643618 0.4686782 0.4494060 0.4449304 0.4570486 0.4660697 0.4592556 0.4869820 0.4582269 0.4950211 0.4467549 0.4290321 0.4333348 0.4266469 
Olivella_volutella           0.7688265 0.7051986 0.5997065 0.6283443 0.5770793 0.5780726 0.5827302 0.5828274 0.6254535 0.5228431 0.5235785 0.5545317 0.4995916 0.5178568 0.5645218 0.4958599 0.5257956 0.5388536 0.5656536 0.6115273 0.5892168 0.5275968 0.6283252 0.5496364 0.5454518 0.6121171 0.5317509 0.6260643 0.5755969 0.3924421 0.4074538 0.0000000 0.5797297 0.5285332 0.5154735 0.5258899 0.5105621 0.5486892 0.5545785 0.5915083 0.4458817 0.4111728 0.4686657 0.5130948 0.6155051 0.5097150 0.5158649 0.4588794 0.4793868 0.4569623 0.4747284 0.4326997 0.4368286 0.4529753 0.4521151 0.4729629 0.4249280 0.4560131 0.4561032 0.4440974 0.4461708 0.4442602 
Tonna_luteostoma             0.7955985 0.6521369 0.5837127 0.6043790 0.6494836 0.5592167 0.4633424 0.5591206 0.4432928 0.6849999 0.4596495 0.5958899 0.5581573 0.5547341 0.5531847 0.5367840 0.5492819 0.5899439 0.7858349 0.6692577 0.5591641 0.6506167 0.6875708 0.6149429 0.5880422 0.6029452 0.6590875 0.6345649 0.5735062 0.6045298 0.5006772 0.5797297 0.0000000 0.5650197 0.5525398 0.5139415 0.5644579 0.5796831 0.5172866 0.5907686 0.5331915 0.4482186 0.5148187 0.4938274 0.6297859 0.5402132 0.5449448 0.5316300 0.4758799 0.4832319 0.5140147 0.5122669 0.5257645 0.4633663 0.4495754 0.5217328 0.4601875 0.4614621 0.4862622 0.4828609 0.4778339 0.4771141 
Aforia_magnifica             0.8941659 0.6386395 0.5485812 0.6106472 0.4981556 0.5380764 0.4647544 0.5903551 0.5370557 0.5639606 0.4490415 0.5412397 0.5033219 0.5148244 0.4214493 0.4340766 0.4466847 0.4187566 0.6940551 0.6823831 0.5509260 0.5051928 0.5412218 0.5246737 0.5305196 0.6215614 0.5629822 0.5976842 0.4978238 0.5615010 0.5631051 0.5285332 0.5650197 0.0000000 0.4985169 0.5260788 0.4105545 0.5437281 0.5314835 0.5110644 0.4943291 0.4469468 0.4640034 0.3758079 0.5979610 0.3511248 0.5142784 0.4463429 0.4174179 0.3999303 0.3801923 0.3925298 0.3909521 0.3875911 0.3572450 0.4052970 0.3791736 0.3832882 0.3668986 0.3668188 0.3779574 0.3751905 
Babylonia_japonica           0.7489717 0.6741247 0.5727141 0.6284120 0.5276885 0.5442946 0.4864309 0.6362488 0.5433789 0.5527868 0.4645527 0.4778949 0.4187563 0.4978265 0.5117686 0.4610898 0.4519007 0.5122826 0.6384954 0.6207572 0.6228799 0.5995846 0.5624663 0.5659343 0.5055906 0.5758419 0.5411398 0.5762192 0.5714906 0.4886136 0.5231318 0.5154735 0.5525398 0.4985169 0.0000000 0.0934879 0.4504304 0.5120677 0.4919288 0.4668166 0.4860024 0.4148454 0.4373356 0.3876619 0.5290956 0.3824462 0.4943429 0.4728658 0.4004834 0.4806735 0.3859240 0.3848540 0.3846537 0.3267740 0.3451474 0.3821083 0.3759540 0.3628953 0.3685161 0.3498292 0.3651797 0.3627360 
Babylonia_lutosa             0.7404027 0.6818394 0.5513793 0.6295879 0.5601216 0.5606321 0.4408897 0.6191824 0.5111675 0.5655109 0.4814211 0.4634000 0.4360897 0.4855242 0.5023129 0.4395261 0.4320551 0.4815961 0.6438350 0.6271898 0.6277934 0.6008760 0.5920104 0.5726577 0.5452211 0.5754456 0.5759622 0.5812763 0.5786522 0.5346840 0.5143750 0.5258899 0.5139415 0.5260788 0.0934879 0.0000000 0.4716963 0.5084772 0.4935434 0.4802413 0.5000939 0.4204742 0.4612144 0.3889392 0.5290867 0.4231590 0.5050985 0.4898725 0.4162557 0.5125819 0.4082041 0.3768561 0.3726840 0.3268437 0.3380210 0.3825868 0.3832055 0.3670289 0.3754381 0.3643660 0.3779514 0.3747256 
Comitas_kaderlyi             0.8205951 0.6569878 0.5821514 0.6188473 0.5566301 0.5361468 0.4925017 0.5782296 0.4971455 0.6484712 0.4906951 0.5556154 0.4526242 0.5016236 0.5084760 0.4537689 0.4978797 0.4839345 0.6764245 0.5901364 0.5640532 0.5388519 0.5417641 0.6103148 0.5551365 0.6358407 0.5009445 0.5260866 0.5170932 0.4702571 0.5043093 0.5105621 0.5644579 0.4105545 0.4504304 0.4716963 0.0000000 0.5481975 0.4977155 0.5296546 0.4892420 0.4598650 0.4436438 0.4234786 0.5275144 0.3360433 0.4421015 0.4639326 0.4243908 0.4910076 0.4246906 0.4146932 0.4288739 0.3978444 0.3834364 0.4234364 0.3868676 0.3745923 0.3875977 0.3762489 0.3757652 0.3829729 
Cronia_sp.                   0.9094491 0.6282152 0.5331440 0.5561843 0.6040743 0.6368246 0.5098430 0.5738644 0.5564994 0.5592657 0.5315472 0.5589078 0.5392093 0.5360109 0.5581643 0.5091392 0.5428429 0.5188049 0.6034179 0.4795610 0.4690626 0.4384852 0.5476394 0.5814339 0.4806585 0.6674434 0.4865954 0.5947485 0.5938176 0.5551044 0.5514639 0.5486892 0.5796831 0.5437281 0.5120677 0.5084772 0.5481975 0.0000000 0.3257963 0.5044847 0.5125576 0.4843990 0.4834248 0.4183537 0.5850776 0.4722353 0.4397539 0.5047386 0.4707482 0.4489174 0.4887756 0.3926112 0.3863832 0.3780622 0.3636264 0.4417517 0.3934548 0.3683910 0.4188050 0.4267866 0.4115115 0.4209782 
Drupella_cornus              0.7006465 0.6647357 0.5155907 0.5683468 0.6035381 0.5179431 0.5555258 0.5238105 0.6127192 0.5513088 0.4907917 0.5568144 0.4870614 0.5135793 0.4543423 0.4512531 0.4349665 0.4576207 0.5173843 0.5101074 0.4528951 0.4379483 0.5289487 0.5397270 0.5307414 0.5563568 0.4465779 0.5108942 0.5678243 0.4920190 0.4819218 0.5545785 0.5172866 0.5314835 0.4919288 0.4935434 0.4977155 0.3257963 0.0000000 0.4636533 0.4368303 0.4519326 0.4504739 0.4141671 0.5114451 0.5242863 0.3585604 0.4314396 0.4066943 0.4112299 0.4249276 0.3983602 0.3889573 0.3955949 0.3947184 0.3850435 0.3602686 0.3753641 0.3851106 0.3550737 0.3511768 0.3641675 
Siphonalia_cassidariaeformis 0.8397016 0.6927653 0.5930217 0.5809107 0.5916752 0.5514565 0.4947332 0.6425954 0.6460267 0.6355421 0.4569377 0.5433962 0.4916276 0.4510326 0.4491098 0.4693173 0.4384087 0.4327014 0.6701819 0.6348611 0.6153314 0.5618757 0.5228427 0.4828936 0.4135826 0.7018331 0.6433742 0.6302536 0.5447012 0.6070374 0.5341586 0.5915083 0.5907686 0.5110644 0.4668166 0.4802413 0.5296546 0.5044847 0.4636533 0.0000000 0.4423168 0.4314952 0.4536467 0.3961107 0.5504182 0.4928507 0.5192690 0.3985627 0.2553401 0.3759472 0.3664036 0.3279733 0.3308574 0.2993424 0.3046546 0.3380728 0.3241330 0.3246748 0.3082868 0.2899096 0.2921437 0.3005182 
Nassarius_festivus           0.7582336 0.5982888 0.5017693 0.5456569 0.6130793 0.5147726 0.5068484 0.5077189 0.4837282 0.4833824 0.3986636 0.4742555 0.4404852 0.3833978 0.3560085 0.3583107 0.3671735 0.3804104 0.6033952 0.6263732 0.5696506 0.5150260 0.4559049 0.4893951 0.4688222 0.6086199 0.5443700 0.6293494 0.5447069 0.4228862 0.4728298 0.4458817 0.5331915 0.4943291 0.4860024 0.5000939 0.4892420 0.5125576 0.4368303 0.4423168 0.0000000 0.2114581 0.2092217 0.4055553 0.4755712 0.4067580 0.4453381 0.4195554 0.3570133 0.3251405 0.3100275 0.3134970 0.3237319 0.3101443 0.3094231 0.3328654 0.3089660 0.3078490 0.2921306 0.2752084 0.2947865 0.3121254 
Nassarius_semisulcatus       0.7630445 0.6165570 0.4972627 0.5190106 0.5596988 0.5349443 0.4540537 0.4823090 0.4116154 0.4605012 0.3592415 0.4731590 0.4242935 0.3921317 0.3965519 0.3604381 0.3984752 0.3979028 0.6669707 0.5508249 0.5375695 0.4462131 0.4588161 0.4854263 0.4823824 0.5284932 0.5158012 0.6162245 0.5059296 0.4553603 0.4761186 0.4111728 0.4482186 0.4469468 0.4148454 0.4204742 0.4598650 0.4843990 0.4519326 0.4314952 0.2114581 0.0000000 0.1099964 0.4365162 0.5005611 0.4119310 0.4591090 0.3861456 0.3195340 0.2954678 0.3088919 0.3195839 0.3284792 0.2795054 0.2839029 0.3268746 0.2860414 0.2980975 0.3056134 0.2992242 0.3246213 0.3138656 
Zeuxis_siquijorensis         0.7886856 0.6174109 0.5019215 0.5044830 0.6144169 0.5850184 0.5182001 0.5192938 0.4771785 0.4663196 0.4225676 0.4909859 0.4607949 0.4007879 0.3972857 0.3681966 0.4154751 0.4051528 0.7069226 0.5636331 0.5409148 0.4597793 0.4338588 0.5014465 0.4550592 0.5944929 0.5120782 0.6044523 0.5469674 0.4647163 0.5207250 0.4686657 0.5148187 0.4640034 0.4373356 0.4612144 0.4436438 0.4834248 0.4504739 0.4536467 0.2092217 0.1099964 0.0000000 0.4227745 0.4881699 0.3974380 0.4666963 0.4257172 0.3304375 0.3005516 0.3311351 0.3243959 0.3367264 0.2948505 0.3025588 0.3379021 0.3083646 0.3028524 0.2963230 0.2792928 0.3178458 0.3142176 
Latiromitra_sp.              0.7031130 0.5701768 0.4829229 0.5655419 0.3629060 0.3980660 0.4126044 0.4761688 0.4979565 0.4674308 0.3600232 0.4179121 0.4214221 0.3851820 0.3644201 0.3408718 0.3428542 0.3664693 0.5682444 0.5059680 0.4982271 0.4127560 0.3612432 0.3794671 0.3743816 0.6126144 0.4984704 0.5161185 0.4534391 0.4830416 0.4709148 0.5130948 0.4938274 0.3758079 0.3876619 0.3889392 0.4234786 0.4183537 0.4141671 0.3961107 0.4055553 0.4365162 0.4227745 0.0000000 0.4056880 0.3576196 0.3886470 0.3317193 0.3377328 0.3427963 0.3029615 0.2795537 0.2856273 0.2911593 0.2909174 0.2941505 0.2696860 0.2897189 0.2661769 0.2539794 0.2590581 0.2570146 
Fusinus_akitai               0.8789241 0.6624808 0.5971376 0.6626395 0.6509554 0.6052036 0.5275708 0.6027741 0.6601210 0.5407217 0.4406022 0.4980309 0.4899900 0.3919514 0.3839051 0.3820735 0.3530867 0.4047402 0.6317613 0.6454120 0.5594264 0.5174450 0.5124448 0.4991683 0.4655211 0.6943374 0.5860777 0.6110593 0.6228095 0.6024688 0.5802146 0.6155051 0.6297859 0.5979610 0.5290956 0.5290867 0.5275144 0.5850776 0.5114451 0.5504182 0.4755712 0.5005611 0.4881699 0.4056880 0.0000000 0.4895734 0.4944409 0.4079204 0.4228603 0.4385814 0.2690556 0.3496987 0.3476060 0.3195339 0.3407498 0.3522246 0.3362922 0.3351743 0.3356705 0.3144283 0.3110997 0.3316437 
Polystira_picta              0.7840271 0.5687282 0.5161069 0.5686953 0.4906949 0.4808353 0.5325204 0.5088205 0.5180870 0.4926953 0.4214070 0.4345570 0.4186738 0.4624450 0.4222580 0.3879955 0.4062511 0.4268269 0.6321890 0.5525680 0.5209007 0.4852195 0.4543951 0.4928825 0.4461014 0.6168061 0.4886698 0.5206508 0.4606735 0.5192820 0.5200614 0.5097150 0.5402132 0.3511248 0.3824462 0.4231590 0.3360433 0.4722353 0.5242863 0.4928507 0.4067580 0.4119310 0.3974380 0.3576196 0.4895734 0.0000000 0.4718905 0.4505676 0.3982659 0.4100211 0.3274051 0.3606428 0.3716144 0.3259972 0.3246921 0.3822919 0.3530649 0.3141044 0.3273818 0.3178882 0.3153849 0.3123209 
Nucella_lapillus             0.8487550 0.5788307 0.5443020 0.6552596 0.4991422 0.5549505 0.4852113 0.5572889 0.5063245 0.5181648 0.4424267 0.5550293 0.4548408 0.4755054 0.4675483 0.4209817 0.4318649 0.4197632 0.6473162 0.5469537 0.4791138 0.4674390 0.4973628 0.4521536 0.4308722 0.5576005 0.4120614 0.4382946 0.6284876 0.4730732 0.4897888 0.5158649 0.5449448 0.5142784 0.4943429 0.5050985 0.4421015 0.4397539 0.3585604 0.5192690 0.4453381 0.4591090 0.4666963 0.3886470 0.4944409 0.4718905 0.0000000 0.3910459 0.4212829 0.3735210 0.3628935 0.3285403 0.3259639 0.3127996 0.3061666 0.4100920 0.3335111 0.3594507 0.3505401 0.3464511 0.3695413 0.3734859 
Neobuccinum_eatoni           0.7554369 0.6295011 0.5201450 0.6020271 0.5505550 0.4688222 0.4558659 0.5293544 0.5319494 0.4902958 0.3623375 0.4435428 0.3863734 0.3893774 0.3193786 0.3160011 0.3014414 0.2777148 0.5513008 0.5540777 0.5506248 0.5562969 0.4551760 0.4419667 0.4077117 0.6258767 0.5516577 0.5608490 0.5800650 0.4848314 0.4653260 0.4588794 0.5316300 0.4463429 0.4728658 0.4898725 0.4639326 0.5047386 0.4314396 0.3985627 0.4195554 0.3861456 0.4257172 0.3317193 0.4079204 0.4505676 0.3910459 0.0000000 0.3156288 0.3056041 0.2769952 0.2586486 0.2670645 0.2601937 0.2471030 0.2646346 0.2553065 0.2862375 0.2454929 0.2376944 0.2646267 0.2608092 
Japeuthria_ferrea            0.7842424 0.6324746 0.5168802 0.6155001 0.5206950 0.4906606 0.5032079 0.5570634 0.5116024 0.5188913 0.3590763 0.4518763 0.4253735 0.4409496 0.3384713 0.3404686 0.3336102 0.3753047 0.6078327 0.5408002 0.5960584 0.4411067 0.4392133 0.4555830 0.3691152 0.6300253 0.4916091 0.5080212 0.5233355 0.4700459 0.4643618 0.4793868 0.4758799 0.4174179 0.4004834 0.4162557 0.4243908 0.4707482 0.4066943 0.2553401 0.3570133 0.3195340 0.3304375 0.3377328 0.4228603 0.3982659 0.4212829 0.3156288 0.0000000 0.3028948 0.2540859 0.2220221 0.2267863 0.2307624 0.2272510 0.2608438 0.2434086 0.2532796 0.2272381 0.2174379 0.2263571 0.2365241 
Antillophos_laevis           0.7378192 0.6027725 0.4707195 0.5084761 0.4837369 0.4059124 0.4066360 0.5374889 0.4735268 0.4747112 0.3774298 0.3886845 0.3850936 0.3819163 0.3459176 0.2890947 0.2983413 0.3369739 0.5631704 0.5374120 0.5221202 0.4746654 0.3901247 0.4177730 0.3875119 0.5543532 0.4902711 0.5160254 0.5404961 0.5185067 0.4686782 0.4569623 0.4832319 0.3999303 0.4806735 0.5125819 0.4910076 0.4489174 0.4112299 0.3759472 0.3251405 0.2954678 0.3005516 0.3427963 0.4385814 0.4100211 0.3735210 0.3056041 0.3028948 0.0000000 0.2504052 0.2412614 0.2544729 0.2273917 0.2325417 0.2306649 0.2286370 0.2117296 0.2106043 0.2055186 0.2291976 0.2262982 
Granulifusus_niponicus       0.6959593 0.5651224 0.4533800 0.5144385 0.5350394 0.4040778 0.4093247 0.5134040 0.4955670 0.3739508 0.3100198 0.3448498 0.3451502 0.2914185 0.2878703 0.2589453 0.2460390 0.2729306 0.5320057 0.5454993 0.5048447 0.4636104 0.3619074 0.4071772 0.3293832 0.5693402 0.4912718 0.5691335 0.4780683 0.4671620 0.4494060 0.4747284 0.5140147 0.3801923 0.3859240 0.4082041 0.4246906 0.4887756 0.4249276 0.3664036 0.3100275 0.3088919 0.3311351 0.3029615 0.2690556 0.3274051 0.3628935 0.2769952 0.2540859 0.2504052 0.0000000 0.2369660 0.2359597 0.2053828 0.2113865 0.2259577 0.1830469 0.2037574 0.1858367 0.1771846 0.1826071 0.1826644 
Neptunea_lamellosa           0.6949437 0.5844323 0.5201952 0.6105726 0.5053049 0.4853483 0.4473251 0.5312048 0.4838587 0.4293069 0.3255420 0.3828606 0.3658252 0.3153529 0.3140595 0.2744067 0.2660124 0.2758134 0.5374999 0.4921383 0.5005711 0.4584549 0.3934110 0.3778248 0.3358194 0.5018276 0.4766413 0.4920139 0.4611074 0.4566202 0.4449304 0.4326997 0.5122669 0.3925298 0.3848540 0.3768561 0.4146932 0.3926112 0.3983602 0.3279733 0.3134970 0.3195839 0.3243959 0.2795537 0.3496987 0.3606428 0.3285403 0.2586486 0.2220221 0.2412614 0.2369660 0.0000000 0.0205124 0.1109606 0.1133583 0.2204716 0.2113752 0.1860216 0.1688791 0.1608530 0.1802998 0.1804916 
Neptunea_purpurea            0.6920709 0.5932997 0.5325446 0.6264124 0.5228225 0.4823948 0.4472564 0.5412306 0.4910747 0.4357463 0.3217187 0.3797101 0.3606239 0.3173424 0.3153953 0.2756500 0.2653284 0.2809888 0.5303363 0.5115269 0.5099711 0.4587378 0.3999673 0.3776847 0.3415249 0.5098673 0.4980910 0.5095970 0.4778198 0.4643994 0.4570486 0.4368286 0.5257645 0.3909521 0.3846537 0.3726840 0.4288739 0.3863832 0.3889573 0.3308574 0.3237319 0.3284792 0.3367264 0.2856273 0.3476060 0.3716144 0.3259639 0.2670645 0.2267863 0.2544729 0.2359597 0.0205124 0.0000000 0.1140237 0.1139893 0.2203828 0.2118609 0.1877827 0.1777230 0.1699149 0.1890390 0.1863504 
Buccinum_aniwanum            0.6571675 0.5453477 0.4764062 0.5297958 0.4887649 0.4345867 0.4246574 0.5267554 0.4507920 0.4059338 0.3039174 0.3332984 0.3256039 0.2999715 0.2759607 0.2591730 0.2392229 0.2531718 0.5442802 0.5211699 0.5011037 0.4807004 0.3611252 0.3618966 0.3276747 0.5215503 0.4405797 0.4728812 0.4520765 0.5022814 0.4660697 0.4529753 0.4633663 0.3875911 0.3267740 0.3268437 0.3978444 0.3780622 0.3955949 0.2993424 0.3101443 0.2795054 0.2948505 0.2911593 0.3195339 0.3259972 0.3127996 0.2601937 0.2307624 0.2273917 0.2053828 0.1109606 0.1140237 0.0000000 0.0370036 0.1789221 0.1711114 0.1506807 0.1600567 0.1429241 0.1572795 0.1581636 
Buccinum_morchianum          0.6349589 0.5367304 0.4656791 0.5412228 0.5088564 0.4384204 0.4068795 0.5111413 0.4213607 0.4007493 0.2978190 0.3346754 0.3272606 0.3011958 0.2843804 0.2615576 0.2437514 0.2683862 0.5472727 0.4969871 0.5056903 0.4809315 0.3458233 0.3471778 0.3196261 0.5050140 0.4564985 0.4973172 0.4565369 0.4858148 0.4592556 0.4521151 0.4495754 0.3572450 0.3451474 0.3380210 0.3834364 0.3636264 0.3947184 0.3046546 0.3094231 0.2839029 0.3025588 0.2909174 0.3407498 0.3246921 0.3061666 0.2471030 0.2272510 0.2325417 0.2113865 0.1133583 0.1139893 0.0370036 0.0000000 0.1859358 0.1784693 0.1538141 0.1579412 0.1424497 0.1619627 0.1670560 
Paraeuthria_plumbea          0.6955909 0.6180387 0.5424824 0.5995327 0.4710281 0.4267497 0.4267270 0.5316227 0.4941333 0.4571230 0.3314329 0.3502236 0.3725104 0.3263121 0.2962465 0.2634256 0.2538454 0.2823070 0.5507046 0.5330394 0.5316797 0.5113439 0.3781846 0.3864591 0.3509111 0.6154360 0.5364609 0.5334057 0.5400002 0.5329446 0.4869820 0.4729629 0.5217328 0.4052970 0.3821083 0.3825868 0.4234364 0.4417517 0.3850435 0.3380728 0.3328654 0.3268746 0.3379021 0.2941505 0.3522246 0.3822919 0.4100920 0.2646346 0.2608438 0.2306649 0.2259577 0.2204716 0.2203828 0.1789221 0.1859358 0.0000000 0.1777948 0.1655272 0.1671111 0.1505113 0.1799296 0.1856744 
Cominella_adspersa           0.7095997 0.5401486 0.4689871 0.5342583 0.4541412 0.3883366 0.4086802 0.4722280 0.4605128 0.4339681 0.2867943 0.3424528 0.3075006 0.2917227 0.2727501 0.2440847 0.2514386 0.2527322 0.5477574 0.4697181 0.4135166 0.3997966 0.3820589 0.3386315 0.3373153 0.5364233 0.4180246 0.4516186 0.5080131 0.4277395 0.4582269 0.4249280 0.4601875 0.3791736 0.3759540 0.3832055 0.3868676 0.3934548 0.3602686 0.3241330 0.3089660 0.2860414 0.3083646 0.2696860 0.3362922 0.3530649 0.3335111 0.2553065 0.2434086 0.2286370 0.1830469 0.2113752 0.2118609 0.1711114 0.1784693 0.1777948 0.0000000 0.1634062 0.1617856 0.1586524 0.1486077 0.1570754 
Burnupena_cincta             0.6914150 0.5714040 0.4780540 0.5375496 0.4685616 0.4201512 0.4283060 0.4837982 0.4773335 0.4021263 0.3087808 0.3364895 0.3278192 0.2970484 0.2834977 0.2293263 0.2352821 0.2560707 0.5112136 0.5037161 0.4860168 0.4451489 0.3962374 0.3810738 0.3593978 0.5772037 0.4466657 0.5046097 0.4724026 0.5086101 0.4950211 0.4560131 0.4614621 0.3832882 0.3628953 0.3670289 0.3745923 0.3683910 0.3753641 0.3246748 0.3078490 0.2980975 0.3028524 0.2897189 0.3351743 0.3141044 0.3594507 0.2862375 0.2532796 0.2117296 0.2037574 0.1860216 0.1877827 0.1506807 0.1538141 0.1655272 0.1634062 0.0000000 0.1512061 0.1343759 0.1415927 0.1476723 
Kelletia_kelletii            0.6259081 0.5975763 0.4778644 0.5802566 0.4763110 0.4100402 0.3989149 0.4725830 0.4445892 0.3730885 0.2850160 0.3409533 0.3124420 0.2806006 0.2834323 0.2362055 0.2335673 0.2515759 0.5543255 0.4620840 0.4784554 0.4190598 0.3320693 0.3347055 0.3082683 0.5217804 0.4437635 0.4578296 0.5061842 0.4459391 0.4467549 0.4561032 0.4862622 0.3668986 0.3685161 0.3754381 0.3875977 0.4188050 0.3851106 0.3082868 0.2921306 0.3056134 0.2963230 0.2661769 0.3356705 0.3273818 0.3505401 0.2454929 0.2272381 0.2106043 0.1858367 0.1688791 0.1777230 0.1600567 0.1579412 0.1671111 0.1617856 0.1512061 0.0000000 0.0277294 0.0789442 0.0858976 
Kelletia_lischkei            0.6187504 0.5962038 0.4844461 0.5494281 0.4664534 0.4064359 0.4091175 0.4765387 0.4361256 0.3754160 0.2820325 0.3352992 0.3060226 0.2647566 0.2677532 0.2198485 0.2206804 0.2354915 0.5483402 0.4716235 0.4621800 0.4230553 0.3391849 0.3260008 0.3059854 0.5375744 0.4629985 0.4663655 0.4785390 0.4496226 0.4290321 0.4440974 0.4828609 0.3668188 0.3498292 0.3643660 0.3762489 0.4267866 0.3550737 0.2899096 0.2752084 0.2992242 0.2792928 0.2539794 0.3144283 0.3178882 0.3464511 0.2376944 0.2174379 0.2055186 0.1771846 0.1608530 0.1699149 0.1429241 0.1424497 0.1505113 0.1586524 0.1343759 0.0277294 0.0000000 0.0723777 0.0824911 
Penion_chathamensis          0.5962727 0.5649323 0.5124858 0.5860461 0.4714224 0.3855483 0.4170319 0.4970718 0.4969654 0.4037043 0.3001290 0.3439364 0.3186936 0.2978821 0.2722059 0.2662219 0.2352434 0.2682893 0.5486644 0.4779407 0.5093443 0.4560074 0.3449930 0.3402089 0.3130230 0.5515278 0.4567076 0.4970862 0.5057846 0.4657314 0.4333348 0.4461708 0.4778339 0.3779574 0.3651797 0.3779514 0.3757652 0.4115115 0.3511768 0.2921437 0.2947865 0.3246213 0.3178458 0.2590581 0.3110997 0.3153849 0.3695413 0.2646267 0.2263571 0.2291976 0.1826071 0.1802998 0.1890390 0.1572795 0.1619627 0.1799296 0.1486077 0.1415927 0.0789442 0.0723777 0.0000000 0.0399792 
