62
Littorina_brevicula          0.0000000 0.9323956 0.7410552 0.7679679 0.8994116 0.9066168 0.7115009 0.7674295 0.8256714 0.8564669 0.8071438 0.8709204 0.7722773 0.9137595 0.8002487 0.6982331 0.6710643 0.7709305 1.0987815 0.9891058 1.0427185 0.9786431 0.8505993 0.9021195 0.8198081 0.9238413 0.8992280 0.9621973 0.8765292 0.7563668 0.7409963 0.7731796 0.7995344 0.8993788 0.7528703 0.7442197 0.8252523 0.9146847 0.7042137 0.8449656 0.7618456 0.7668756 0.7928486 0.7067620 0.8841277 0.7879483 0.8531171 0.7594308 0.7885384 0.7417883 0.6995110 0.6985682 0.6955459 0.6603791 0.6380457 0.6994277 0.7131586 0.6949649 0.6289553 0.6217888 0.5992628 0.6167819 
Cancellaria_cancellata       0.9323956 0.0000000 0.2974216 0.3332781 0.7478480 0.7621884 0.5493547 0.7428332 0.6541878 0.7154134 0.6867315 0.7292721 0.6996754 0.6604569 0.6172639 0.5556964 0.6194612 0.6307280 0.8611310 0.7976900 0.6641379 0.6525131 0.6800910 0.6868034 0.6383272 0.7547598 0.6379219 0.7083148 0.8152685 0.7265154 0.7140441 0.7093235 0.6555185 0.6418550 0.6778261 0.6855586 0.6601119 0.6315541 0.6684237 0.6965466 0.6010563 0.6196470 0.6202731 0.5729162 0.6662789 0.5716226 0.5816239 0.6326399 0.6354517 0.6057753 0.5678974 0.5871934 0.5961082 0.5479579 0.5393183 0.6212622 0.5427010 0.5742561 0.6003856 0.5989935 0.5676367 0.5773682 
Cancellaria_cooperi          0.7410552 0.2974216 0.0000000 0.2162684 0.6843066 0.6580284 0.5505683 0.5470000 0.5958801 0.5920079 0.5415175 0.5621995 0.5379365 0.6021452 0.5229558 0.4824020 0.5523799 0.5870797 0.7250832 0.6735175 0.6228168 0.5617763 0.6079429 0.6072274 0.6281898 0.5773636 0.5866861 0.6403528 0.6642818 0.6425240 0.6513501 0.6031724 0.5866957 0.5513633 0.5757884 0.5542598 0.5851658 0.5355638 0.5180447 0.5959517 0.5039968 0.4997124 0.5043151 0.4853279 0.6005373 0.5187208 0.5468164 0.5227100 0.5194409 0.4729985 0.4555504 0.5227418 0.5351220 0.4786974 0.4679598 0.5450973 0.4710024 0.4804876 0.4804069 0.4869474 0.5152641 0.4965060 
Cancellaria_sinensis         0.7679679 0.3332781 0.2162684 0.0000000 0.7054548 0.7038733 0.6286266 0.6459316 0.7034957 0.5775698 0.6533000 0.6270076 0.5840028 0.6327876 0.5941652 0.5007021 0.5811223 0.6235888 0.8931148 0.8104390 0.6591770 0.6533586 0.6230093 0.6104204 0.5780504 0.6683662 0.6607506 0.7364545 0.6735230 0.7319036 0.7141889 0.6318373 0.6072788 0.6139291 0.6316336 0.6328043 0.6222762 0.5588765 0.5713868 0.5837320 0.5483763 0.5215912 0.5067238 0.5684161 0.6663211 0.5717256 0.6586051 0.6049099 0.6185208 0.5108052 0.5167349 0.6136022 0.6293727 0.5323137 0.5438749 0.6024683 0.5365190 0.5400334 0.5830599 0.5519963 0.5888730 0.5947283 
Microvoluta_sp.              0.8994116 0.7478480 0.6843066 0.7054548 0.0000000 0.2918443 0.5758913 0.6678064 0.6535171 0.7063593 0.5548991 0.6557004 0.5543696 0.5581695 0.5266784 0.5021174 0.5338283 0.5652454 0.7468920 0.5830195 0.6269336 0.6070869 0.5186215 0.5808870 0.5258849 0.7474939 0.5947885 0.6366404 0.6247253 0.5993955 0.5709482 0.5798995 0.6526622 0.5004668 0.5300431 0.5627189 0.5594563 0.6068995 0.6064810 0.5947244 0.6160698 0.5624319 0.6173464 0.3642349 0.6545865 0.4928785 0.5014325 0.5532352 0.5230909 0.4857985 0.5376119 0.5074598 0.5251018 0.4908321 0.5110163 0.4730654 0.4559785 0.4706131 0.4784400 0.4685115 0.4736412 0.4713083 
Vexillum_plicarium           0.9066168 0.7621884 0.6580284 0.7038733 0.2918443 0.0000000 0.5548757 0.6351710 0.5743832 0.5918355 0.4972553 0.5790664 0.5498030 0.5575281 0.5098547 0.5014316 0.5014935 0.5855571 0.6803396 0.7618789 0.6713735 0.6255843 0.5173743 0.4913517 0.4704376 0.7204742 0.5636880 0.5961190 0.5738074 0.5941017 0.5990222 0.5808974 0.5614839 0.5404093 0.5468797 0.5633174 0.5386210 0.6397288 0.5203802 0.5542500 0.5170150 0.5373401 0.5876775 0.3995676 0.6081403 0.4828247 0.5572267 0.4707850 0.4927825 0.4075836 0.4057451 0.4871626 0.4842835 0.4362841 0.4400962 0.4285240 0.3898578 0.4219850 0.4117281 0.4081029 0.3871797 0.4108798 
Biplex_perca                 0.7115009 0.5493547 0.5505683 0.6286266 0.5758913 0.5548757 0.0000000 0.4654100 0.3362344 0.4894977 0.4236781 0.5224695 0.4708593 0.5052657 0.5000193 0.4671761 0.4966309 0.4983784 0.6681228 0.6605814 0.6167131 0.5664674 0.5580755 0.5623659 0.5502440 0.5906983 0.6302578 0.6383326 0.5845831 0.5761603 0.5645012 0.5856703 0.4650709 0.4668044 0.4885443 0.4426148 0.4947031 0.5121331 0.5578902 0.4970760 0.5089000 0.4559000 0.5206911 0.4143098 0.5300906 0.5348805 0.4872658 0.4578097 0.5054791 0.4084203 0.4111516 0.4492032 0.4491770 0.4265122 0.4085789 0.4285033 0.4103946 0.4300208 0.4004290 0.4106437 0.4187443 0.4093182 
Ficus_subintermedia          0.7674295 0.7428332 0.5470000 0.6459316 0.6678064 0.6351710 0.4654100 0.0000000 0.5896242 0.6421210 0.5346102 0.5626107 0.5239610 0.5324470 0.6125016 0.5714905 0.5235392 0.6284376 0.6231664 0.6050217 0.6615965 0.5989130 0.6289257 0.6189880 0.5696875 0.7201338 0.6675745 0.6885908 0.6783618 0.5140307 0.5111585 0.5858705 0.5613432 0.5930958 0.6390088 0.6219099 0.5808803 0.5763131 0.5259173 0.6456328 0.5097849 0.4843444 0.5214392 0.4782542 0.6057492 0.5109154 0.5595357 0.5315622 0.5596765 0.5399690 0.5155972 0.5332447 0.5432777 0.5289554 0.5132076 0.5339795 0.4742555 0.4858337 0.4746778 0.4785693 0.4991994 0.4921722 
Fusitriton_oregonensis       0.8256714 0.6541878 0.5958801 0.7034957 0.6535171 0.5743832 0.3362344 0.5896242 0.0000000 0.5959890 0.4529446 0.6301823 0.5673321 0.4918110 0.4747135 0.4784545 0.5157947 0.5296468 0.7145083 0.6570606 0.6262202 0.6118165 0.6205748 0.6134608 0.6146525 0.6702296 0.6556241 0.5494310 0.5854983 0.5759268 0.5755359 0.6287653 0.4449545 0.5392943 0.5460018 0.5134851 0.4994291 0.5588600 0.6155665 0.6495086 0.4857158 0.4131133 0.4790356 0.5002367 0.6634444 0.5202742 0.5084074 0.5343957 0.5139324 0.4756260 0.4977953 0.4859589 0.4932123 0.4525755 0.4230202 0.4964826 0.4624423 0.4793769 0.4464441 0.4379194 0.4990465 0.5002329 
Mitrella_bicincta            0.8564669 0.7154134 0.5920079 0.5775698 0.7063593 0.5918355 0.4894977 0.6421210 0.5959890 0.0000000 0.4706372 0.4826989 0.4938495 0.5916372 0.5877680 0.5403203 0.5569116 0.5726789 0.8271490 0.7551997 0.7216874 0.6049717 0.5695422 0.5031777 0.5060328 0.6269242 0.6229709 0.5928126 0.6720248 0.6177623 0.6022104 0.5255412 0.6883205 0.5667288 0.5557210 0.5684567 0.6519134 0.5619855 0.5542333 0.6387029 0.4858309 0.4625991 0.4687156 0.4695060 0.5436089 0.4952069 0.5206951 0.4926010 0.5215497 0.4771619 0.3756304 0.4313968 0.4378335 0.4077596 0.4025536 0.4594547 0.4360414 0.4040762 0.3748508 0.3771620 0.4055400 0.4207826 
Metula_amosi                 0.8071438 0.6867315 0.5415175 0.6533000 0.5548991 0.4972553 0.4236781 0.5346102 0.4529446 0.4706372 0.0000000 0.2681647 0.2039078 0.4089208 0.3851002 0.3626477 0.3611879 0.4190188 0.6116623 0.6428692 0.5293065 0.5535545 0.4855184 0.4526843 0.4214299 0.5581102 0.5341891 0.5269322 0.5245547 0.4945568 0.4816351 0.5259754 0.4613881 0.4510055 0.4665498 0.4834456 0.4929873 0.5338341 0.4931274 0.4588639 0.4001076 0.3604843 0.4241548 0.3612542 0.4427781 0.4232000 0.4443932 0.3637996 0.3604382 0.3788098 0.3111667 0.3266167 0.3227807 0.3048808 0.2987863 0.3327953 0.2877065 0.3098992 0.2861295 0.2830818 0.3011999 0.3047656 
Colubraria_nitidula          0.8709204 0.7292721 0.5621995 0.6270076 0.6557004 0.5790664 0.5224695 0.5626107 0.6301823 0.4826989 0.2681647 0.0000000 0.1528110 0.4648986 0.4236373 0.3762166 0.3800034 0.4003897 0.6912953 0.6540511 0.6247344 0.5817748 0.5230054 0.4996081 0.5232137 0.7840938 0.6211923 0.6467598 0.6058716 0.5822523 0.5757716 0.5572159 0.5986299 0.5436527 0.4800846 0.4653664 0.5582571 0.5616178 0.5593190 0.5459490 0.4761947 0.4750419 0.4929957 0.4195023 0.5004517 0.4363411 0.5575593 0.4454082 0.4537561 0.3903594 0.3461693 0.3842189 0.3809642 0.3343459 0.3357953 0.3515788 0.3435864 0.3377565 0.3422944 0.3365293 0.3451740 0.3453063 
Colubraria_obscura           0.7722773 0.6996754 0.5379365 0.5840028 0.5543696 0.5498030 0.4708593 0.5239610 0.5673321 0.4938495 0.2039078 0.1528110 0.0000000 0.4178151 0.3754109 0.3887638 0.3870565 0.4231317 0.6552692 0.6417186 0.6111261 0.5471877 0.4808111 0.4646974 0.5031130 0.6246840 0.5172866 0.5342657 0.5479389 0.4905957 0.4471619 0.5019595 0.5605397 0.5055933 0.4205577 0.4378600 0.4544381 0.5417454 0.4892243 0.4938046 0.4422847 0.4258346 0.4625503 0.4228648 0.4925228 0.4204042 0.4568602 0.3879285 0.4270305 0.3866744 0.3464450 0.3671184 0.3618630 0.3266563 0.3283872 0.3739726 0.3085434 0.3289656 0.3136949 0.3071675 0.3198950 0.3138495 
Cantharus_multangulus        0.9137595 0.6604569 0.6021452 0.6327876 0.5581695 0.5575281 0.5052657 0.5324470 0.4918110 0.5916372 0.4089208 0.4648986 0.4178151 0.0000000 0.3154058 0.2722986 0.2974527 0.3010424 0.5959647 0.5803999 0.5257138 0.5187940 0.5214401 0.4585995 0.4612004 0.7233702 0.5711368 0.6474917 0.5977315 0.5472497 0.5337032 0.5201639 0.5571732 0.5171338 0.4999443 0.4874377 0.5037048 0.5383475 0.5157036 0.4528309 0.3848698 0.3936036 0.4022340 0.3866265 0.3934109 0.4643948 0.4772984 0.3907179 0.4426496 0.3833631 0.2923024 0.3162618 0.3182560 0.3008702 0.3021070 0.3273624 0.2926113 0.2979720 0.2814399 0.2655809 0.2988280 0.2880050 
Pisania_pusio                0.8002487 0.6172639 0.5229558 0.5941652 0.5266784 0.5098547 0.5000193 0.6125016 0.4747135 0.5877680 0.3851002 0.4236373 0.3754109 0.3154058 0.0000000 0.1579624 0.1538401 0.1668041 0.5876448 0.5874739 0.5430989 0.4954904 0.4110431 0.3918545 0.3910384 0.6800444 0.5253275 0.5330094 0.4998320 0.4769061 0.5115208 0.5673187 0.5557764 0.4232895 0.5143348 0.5045726 0.5107277 0.5610534 0.4564683 0.4510572 0.3574170 0.3982353 0.3989916 0.3658773 0.3857080 0.4243325 0.4696798 0.3205267 0.3397126 0.3473840 0.2888997 0.3150896 0.3164650 0.2768539 0.2853089 0.2973649 0.2735721 0.2844925 0.2844758 0.2687170 0.2732523 0.2824528 
Pollia_tincta                0.6982331 0.5556964 0.4824020 0.5007021 0.5021174 0.5014316 0.4671761 0.5714905 0.4784545 0.5403203 0.3626477 0.3762166 0.3887638 0.2722986 0.1579624 0.0000000 0.1237747 0.1338998 0.6020387 0.5388052 0.4655565 0.4670456 0.4291340 0.4397880 0.4289737 0.6160316 0.4629998 0.4993273 0.5141970 0.4977832 0.4848838 0.4982146 0.5391225 0.4359889 0.4629382 0.4412131 0.4557841 0.5116111 0.4533300 0.4712978 0.3597087 0.3619914 0.3697476 0.3420769 0.3836552 0.3897986 0.4228449 0.3169948 0.3416321 0.2903478 0.2598389 0.2752353 0.2764854 0.2599766 0.2623721 0.2643051 0.2447519 0.2300440 0.2368992 0.2204871 0.2670574 0.2579010 
Engina_mendicaria            0.6710643 0.6194612 0.5523799 0.5811223 0.5338283 0.5014935 0.4966309 0.5235392 0.5157947 0.5569116 0.3611879 0.3800034 0.3870565 0.2974527 0.1538401 0.1237747 0.0000000 0.1312564 0.5889663 0.5366193 0.5006495 0.4828514 0.4037193 0.4144443 0.4112574 0.6113391 0.4971046 0.4942523 0.5119520 0.5049534 0.4982853 0.5282022 0.5516678 0.4485406 0.4539722 0.4338127 0.5001005 0.5453342 0.4369113 0.4404525 0.3686759 0.4002038 0.4171803 0.3440359 0.3543946 0.4081526 0.4337587 0.3023892 0.3347864 0.2993574 0.2467569 0.2668157 0.2661337 0.2399055 0.2444609 0.2546105 0.2521969 0.2360491 0.2342865 0.2213720 0.2360029 0.2315197 
Pisania_striata              0.7709305 0.6307280 0.5870797 0.6235888 0.5652454 0.5855571 0.4983784 0.6284376 0.5296468 0.5726789 0.4190188 0.4003897 0.4231317 0.3010424 0.1668041 0.1338998 0.1312564 0.0000000 0.6329528 0.5799204 0.5323046 0.5259763 0.4811936 0.4557813 0.4201443 0.6643607 0.5549437 0.5447942 0.5360572 0.5264206 0.4991240 0.5414435 0.5924750 0.4204265 0.5144496 0.4835137 0.4861038 0.5210672 0.4597422 0.4344030 0.3819670 0.3995819 0.4068823 0.3676177 0.4063957 0.4290129 0.4214292 0.2785807 0.3766412 0.3384852 0.2738906 0.2767046 0.2818790 0.2540003 0.2692881 0.2833455 0.2534562 0.2569231 0.2523282 0.2362307 0.2691712 0.2707215 
Mitra_lens                   1.0987815 0.8611310 0.7250832 0.8931148 0.7468920 0.6803396 0.6681228 0.6231664 0.7145083 0.8271490 0.6116623 0.6912953 0.6552692 0.5959647 0.5876448 0.6020387 0.5889663 0.6329528 0.0000000 0.6925025 0.6577302 0.6775371 0.6188589 0.6263507 0.6071244 0.6919527 0.6407536 0.6698241 0.7692347 0.5814402 0.5855629 0.5685187 0.7901627 0.6978225 0.6417566 0.6471307 0.6799715 0.6062886 0.5198849 0.6738198 0.6063486 0.6705730 0.7108819 0.5711473 0.6351450 0.6354082 0.6506675 0.5539582 0.6109418 0.5658683 0.5345632 0.5399244 0.5327629 0.5468820 0.5498415 0.5537631 0.5503460 0.5137607 0.5569991 0.5510491 0.5514433 0.5624714 
Thalessa_savignyi            0.9891058 0.7976900 0.6735175 0.8104390 0.5830195 0.7618789 0.6605814 0.6050217 0.6570606 0.7551997 0.6428692 0.6540511 0.6417186 0.5803999 0.5874739 0.5388052 0.5366193 0.5799204 0.6925025 0.0000000 0.3409872 0.3435342 0.6415653 0.5758647 0.5274273 0.8406585 0.6197578 0.5872761 0.7849835 0.6931127 0.6994620 0.6148543 0.6725449 0.6861537 0.6240271 0.6305491 0.5930481 0.4815695 0.5124669 0.6381472 0.6294669 0.5533142 0.5663037 0.5082457 0.6488924 0.5553138 0.5494924 0.5567095 0.5434198 0.5400845 0.5482807 0.4943655 0.5139243 0.5236209 0.4991764 0.5355976 0.4718326 0.5060408 0.4642195 0.4736833 0.4801454 0.5051321 
Thais_clavigera              1.0427185 0.6641379 0.6228168 0.6591770 0.6269336 0.6713735 0.6167131 0.6615965 0.6262202 0.7216874 0.5293065 0.6247344 0.6111261 0.5257138 0.5430989 0.4655565 0.5006495 0.5323046 0.6577302 0.3409872 0.0000000 0.2524001 0.5974814 0.5876043 0.5592353 0.6750709 0.5864123 0.5861272 0.6397472 0.6864613 0.6116111 0.5922850 0.5618769 0.5537150 0.6260815 0.6308322 0.5667998 0.4711470 0.4549838 0.6186977 0.5725056 0.5403365 0.5436334 0.5003417 0.5625470 0.5234025 0.4811052 0.5535757 0.5991357 0.5246031 0.5074843 0.5027383 0.5123007 0.5035312 0.5080096 0.5344361 0.4153878 0.4881718 0.4807582 0.4644700 0.5117620 0.5062083 
Thais_haemastoma             0.9786431 0.6525131 0.5617763 0.6533586 0.6070869 0.6255843 0.5664674 0.5989130 0.6118165 0.6049717 0.5535545 0.5817748 0.5471877 0.5187940 0.4954904 0.4670456 0.4828514 0.5259763 0.6775371 0.3435342 0.2524001 0.0000000 0.5602008 0.5640159 0.5217648 0.6025687 0.4915788 0.5159459 0.6637708 0.5804573 0.5131519 0.5299970 0.6537246 0.5074255 0.6027371 0.6037316 0.5414642 0.4404556 0.4398242 0.5647624 0.5174391 0.4481751 0.4619880 0.4141929 0.5202309 0.4873294 0.4693816 0.5590889 0.4429472 0.4768906 0.4659052 0.4603483 0.4606700 0.4829336 0.4830544 0.5137524 0.4014810 0.4469925 0.4210308 0.4249338 0.4580775 0.4703092 
Melongena_patula             0.8505993 0.6800910 0.6079429 0.6230093 0.5186215 0.5173743 0.5580755 0.6289257 0.6205748 0.5695422 0.4855184 0.5230054 0.4808111 0.5214401 0.4110431 0.4291340 0.4037193 0.4811936 0.6188589 0.6415653 0.5974814 0.5602008 0.0000000 0.3376901 0.2744929 0.6977009 0.5489469 0.5572899 0.6183922 0.6065294 0.6230488 0.6317092 0.6909399 0.5436634 0.5651561 0.5947798 0.5444519 0.5499954 0.5314384 0.5251012 0.4578473 0.4607660 0.4358447 0.3624142 0.5147790 0.4563541 0.4995470 0.4571026 0.4410267 0.3916935 0.3632329 0.3947365 0.4014063 0.3622433 0.3468971 0.3796505 0.3834676 0.3978590 0.3331827 0.3403041 0.3461520 0.3465291 
Hemifusus_tuba               0.9021195 0.6868034 0.6072274 0.6104204 0.5808870 0.4913517 0.5623659 0.6189880 0.6134608 0.5031777 0.4526843 0.4996081 0.4646974 0.4585995 0.3918545 0.4397880 0.4144443 0.4557813 0.6263507 0.5758647 0.5876043 0.5640159 0.3376901 0.0000000 0.2269217 0.6477000 0.5855481 0.5209524 0.6552642 0.5941325 0.6007595 0.5525206 0.6177498 0.5270133 0.5687785 0.5754731 0.6132437 0.5842436 0.5421988 0.4850705 0.4915357 0.4875060 0.5036655 0.3808552 0.5015983 0.4953907 0.4539157 0.4438029 0.4574844 0.4196454 0.4087357 0.3791482 0.3790975 0.3631353 0.3483776 0.3880567 0.3398340 0.3826543 0.3360075 0.3272688 0.3414000 0.3573292 
Volema_myristica             0.8198081 0.6383272 0.6281898 0.5780504 0.5258849 0.4704376 0.5502440 0.5696875 0.6146525 0.5060328 0.4214299 0.5232137 0.5031130 0.4612004 0.3910384 0.4289737 0.4112574 0.4201443 0.6071244 0.5274273 0.5592353 0.5217648 0.2744929 0.2269217 0.0000000 0.6485687 0.4902092 0.5512870 0.6715013 0.5759653 0.5697310 0.5484204 0.5908341 0.5328888 0.5079877 0.5479011 0.5579168 0.4829077 0.5335453 0.4153839 0.4710258 0.4847014 0.4573587 0.3757639 0.4678325 0.4481263 0.4326962 0.4093177 0.3705752 0.3892203 0.3305831 0.3369247 0.3426738 0.3288233 0.3207315 0.3521510 0.3384667 0.3608163 0.3093807 0.3070960 0.3141336 0.3442072 
Plesiotriton_sp.             0.9238413 0.7547598 0.5773636 0.6683662 0.7474939 0.7204742 0.5906983 0.7201338 0.6702296 0.6269242 0.5581102 0.7840938 0.6246840 0.7233702 0.6800444 0.6160316 0.6113391 0.6643607 0.6919527 0.8406585 0.6750709 0.6025687 0.6977009 0.6477000 0.6485687 0.0000000 0.7353532 0.6715160 0.6593303 0.6523077 0.6254603 0.6153229 0.6056387 0.6244698 0.5784754 0.5778873 0.6389540 0.6705711 0.5590981 0.7057626 0.6116660 0.5308349 0.5973248 0.6153273 0.6978259 0.6196715 0.5600353 0.6288275 0.6332975 0.5568349 0.5718409 0.5040543 0.5121755 0.5236829 0.5069766 0.6184252 0.5387093 0.5798005 0.5241481 0.5400662 0.5540453 0.5598000 
Muricanthus_radix            0.8992280 0.6379219 0.5866861 0.6607506 0.5947885 0.5636880 0.6302578 0.6675745 0.6556241 0.6229709 0.5341891 0.6211923 0.5172866 0.5711368 0.5253275 0.4629998 0.4971046 0.5549437 0.6407536 0.6197578 0.5864123 0.4915788 0.5489469 0.5855481 0.4902092 0.7353532 0.0000000 0.2348903 0.7371976 0.5919105 0.5792990 0.5342319 0.6619457 0.5654612 0.5437737 0.5786846 0.5032902 0.4886508 0.4484427 0.6467919 0.5467376 0.5180201 0.5143806 0.5005875 0.5891667 0.4907772 0.4136500 0.5540332 0.4939485 0.4924712 0.4936112 0.4787399 0.5003193 0.4425480 0.4584222 0.5391725 0.4197828 0.4486619 0.4458595 0.4651342 0.4587438 0.4597241 
Siratus_beauii               0.9621973 0.7083148 0.6403528 0.7364545 0.6366404 0.5961190 0.6383326 0.6885908 0.5494310 0.5928126 0.5269322 0.6467598 0.5342657 0.6474917 0.5330094 0.4993273 0.4942523 0.5447942 0.6698241 0.5872761 0.5861272 0.5159459 0.5572899 0.5209524 0.5512870 0.6715160 0.2348903 0.0000000 0.7061549 0.6389517 0.6284746 0.6297274 0.6375626 0.6005830 0.5793064 0.5841510 0.5288474 0.5976225 0.5135010 0.6338647 0.6326966 0.6192420 0.6075284 0.5187342 0.6146047 0.5234830 0.4402464 0.5636156 0.5106175 0.5184429 0.5722504 0.4943762 0.5121139 0.4750697 0.4995062 0.5362317 0.4538300 0.5071377 0.4601921 0.4686525 0.4996679 0.5042071 
Conus_praecellens            0.8765292 0.8152685 0.6642818 0.6735230 0.6247253 0.5738074 0.5845831 0.6783618 0.5854983 0.6720248 0.5245547 0.6058716 0.5479389 0.5977315 0.4998320 0.5141970 0.5119520 0.5360572 0.7692347 0.7849835 0.6397472 0.6637708 0.6183922 0.6552642 0.6715013 0.6593303 0.7371976 0.7061549 0.0000000 0.6447794 0.6321070 0.5783398 0.5761666 0.5001396 0.5742340 0.5812221 0.5194723 0.5966652 0.5706386 0.5473747 0.5473770 0.5083174 0.5495851 0.4554761 0.6261072 0.4627232 0.6316246 0.5827682 0.5259131 0.5428550 0.4802496 0.4629767 0.4797297 0.4540592 0.4584713 0.5424829 0.5102569 0.4745204 0.5084581 0.4806414 0.5081463 0.4979310 
Oliva_mustelina              0.7563668 0.7265154 0.6425240 0.7319036 0.5993955 0.5941017 0.5761603 0.5140307 0.5759268 0.6177623 0.4945568 0.5822523 0.4905957 0.5472497 0.4769061 0.4977832 0.5049534 0.5264206 0.5814402 0.6931127 0.6864613 0.5804573 0.6065294 0.5941325 0.5759653 0.6523077 0.5919105 0.6389517 0.6447794 0.0000000 0.2035267 0.3941013 0.6073808 0.5640383 0.4906577 0.5368950 0.4722300 0.5573949 0.4940193 0.6098563 0.4245080 0.4571767 0.4666705 0.4849300 0.6051848 0.5215723 0.4751575 0.4868864 0.4720112 0.5208095 0.4690559 0.4584790 0.4662286 0.5044991 0.4878430 0.5355106 0.4295812 0.5107594 0.4478111 0.4514448 0.4677399 0.4626544 
Oliva_spicata                0.7409963 0.7140441 0.6513501 0.7141889 0.5709482 0.5990222 0.5645012 0.5111585 0.5755359 0.6022104 0.4816351 0.5757716 0.4471619 0.5337032 0.5115208 0.4848838 0.4982853 0.4991240 0.5855629 0.6994620 0.6116111 0.5131519 0.6230488 0.6007595 0.5697310 0.6254603 0.5792990 0.6284746 0.6321070 0.2035267 0.0000000 0.4091859 0.5029527 0.5659705 0.5252969 0.5163985 0.5066219 0.5538573 0.4840966 0.5365286 0.4748867 0.4781026 0.5229245 0.4727848 0.5830114 0.5223881 0.4919126 0.4674228 0.4662479 0.4705918 0.4513454 0.4467666 0.4588347 0.4680050 0.4610951 0.4893339 0.4601897 0.4970669 0.4486927 0.4309316 0.4352101 0.4283568 
Olivella_volutella           0.7731796 0.7093235 0.6031724 0.6318373 0.5798995 0.5808974 0.5856703 0.5858705 0.6287653 0.5255412 0.5259754 0.5572159 0.5019595 0.5201639 0.5673187 0.4982146 0.5282022 0.5414435 0.5685187 0.6148543 0.5922850 0.5299970 0.6317092 0.5525206 0.5484204 0.6153229 0.5342319 0.6297274 0.5783398 0.3941013 0.4091859 0.0000000 0.5825724 0.5310729 0.5180395 0.5284276 0.5128979 0.5511424 0.5572625 0.5946513 0.4476088 0.4127480 0.4706605 0.5155441 0.6187559 0.5121053 0.5182998 0.4608965 0.4814636 0.4590877 0.4767925 0.4343725 0.4385642 0.4550388 0.4541275 0.4752948 0.4267475 0.4581423 0.4582925 0.4461920 0.4483000 0.4463447 
Tonna_luteostoma             0.7995344 0.6555185 0.5866957 0.6072788 0.6526622 0.5614839 0.4650709 0.5613432 0.4449545 0.6883205 0.4613881 0.5986299 0.5605397 0.5571732 0.5557764 0.5391225 0.5516678 0.5924750 0.7901627 0.6725449 0.5618769 0.6537246 0.6909399 0.6177498 0.5908341 0.6056387 0.6619457 0.6375626 0.5761666 0.6073808 0.5029527 0.5825724 0.0000000 0.5676254 0.5550452 0.5161968 0.5669344 0.5822458 0.5195811 0.5936286 0.5353840 0.4499635 0.5167294 0.4959354 0.6329345 0.5426338 0.5471341 0.5337821 0.4779292 0.4853512 0.5162442 0.5142445 0.5277995 0.4652176 0.4513040 0.5239886 0.4622190 0.4633557 0.4882953 0.4848326 0.4797555 0.4789998 
Aforia_magnifica             0.8993788 0.6418550 0.5513633 0.6139291 0.5004668 0.5404093 0.4668044 0.5930958 0.5392943 0.5667288 0.4510055 0.5436527 0.5055933 0.5171338 0.4232895 0.4359889 0.4485406 0.4204265 0.6978225 0.6861537 0.5537150 0.5074255 0.5436634 0.5270133 0.5328888 0.6244698 0.5654612 0.6005830 0.5001396 0.5640383 0.5659705 0.5310729 0.5676254 0.0000000 0.5004043 0.5281181 0.4121707 0.5461305 0.5338668 0.5135198 0.4965343 0.4488220 0.4658008 0.3771715 0.6007388 0.3524012 0.5163222 0.4481574 0.4193165 0.4017104 0.3816696 0.3939243 0.3923083 0.3889525 0.3584829 0.4068649 0.3805903 0.3847690 0.3683227 0.3681141 0.3794163 0.3767378 
Babylonia_japonica           0.7528703 0.6778261 0.5757884 0.6316336 0.5300431 0.5468797 0.4885443 0.6390088 0.5460018 0.5557210 0.4665498 0.4800846 0.4205577 0.4999443 0.5143348 0.4629382 0.4539722 0.5144496 0.6417566 0.6240271 0.6260815 0.6027371 0.5651561 0.5687785 0.5079877 0.5784754 0.5437737 0.5793064 0.5742340 0.4906577 0.5252969 0.5180395 0.5550452 0.5004043 0.0000000 0.0935655 0.4522462 0.5143550 0.4941547 0.4690016 0.4881507 0.4166074 0.4392016 0.3889851 0.5318025 0.3838777 0.4964868 0.4748995 0.4022302 0.4828966 0.3875998 0.3862914 0.3861210 0.3280271 0.3464517 0.3835579 0.3774681 0.3644595 0.3699275 0.3511515 0.3666765 0.3641655 
Babylonia_lutosa             0.7442197 0.6855586 0.5542598 0.6328043 0.5627189 0.5633174 0.4426148 0.6219099 0.5134851 0.5684567 0.4834456 0.4653664 0.4378600 0.4874377 0.5045726 0.4412131 0.4338127 0.4835137 0.6471307 0.6305491 0.6308322 0.6037316 0.5947798 0.5754731 0.5479011 0.5778873 0.5786846 0.5841510 0.5812221 0.5368950 0.5163985 0.5284276 0.5161968 0.5281181 0.0935655 0.0000000 0.4735180 0.5105719 0.4956117 0.4823801 0.5021693 0.4220682 0.4630808 0.3903054 0.5315496 0.4247468 0.5071883 0.4917793 0.4179483 0.5147894 0.4098503 0.3780822 0.3739265 0.3279272 0.3391242 0.3838683 0.3846268 0.3684118 0.3766052 0.3655022 0.3792936 0.3759957 
Comitas_kaderlyi             0.8252523 0.6601119 0.5851658 0.6222762 0.5594563 0.5386210 0.4947031 0.5808803 0.4994291 0.6519134 0.4929873 0.5582571 0.4544381 0.5037048 0.5107277 0.4557841 0.5001005 0.4861038 0.6799715 0.5930481 0.5667998 0.5414642 0.5444519 0.6132437 0.5579168 0.6389540 0.5032902 0.5288474 0.5194723 0.4722300 0.5066219 0.5128979 0.5669344 0.4121707 0.4522462 0.4735180 0.0000000 0.5508447 0.5001057 0.5321337 0.4914486 0.4617934 0.4455002 0.4252141 0.5301018 0.3372128 0.4440935 0.4658023 0.4262343 0.4934410 0.4266007 0.4163902 0.4305877 0.3994915 0.3849583 0.4253012 0.3883589 0.3759347 0.3892364 0.3778760 0.3773761 0.3846477 
Cronia_sp.                   0.9146847 0.6315541 0.5355638 0.5588765 0.6068995 0.6397288 0.5121331 0.5763131 0.5588600 0.5619855 0.5338341 0.5616178 0.5417454 0.5383475 0.5610534 0.5116111 0.5453342 0.5210672 0.6062886 0.4815695 0.4711470 0.4404556 0.5499954 0.5842436 0.4829077 0.6705711 0.4886508 0.5976225 0.5966652 0.5573949 0.5538573 0.5511424 0.5822458 0.5461305 0.5143550 0.5105719 0.5508447 0.0000000 0.3267243 0.5066131 0.5149705 0.4864586 0.4854822 0.4199236 0.5881395 0.4741538 0.4414902 0.5067641 0.4725982 0.4506926 0.4909140 0.3939881 0.3877803 0.3794873 0.3649001 0.4434068 0.3948854 0.3696190 0.4205047 0.4285162 0.4132434 0.4226846 
Drupella_cornus              0.7042137 0.6684237 0.5180447 0.5713868 0.6064810 0.5203802 0.5578902 0.5259173 0.6155665 0.5542333 0.4931274 0.5593190 0.4892243 0.5157036 0.4564683 0.4533300 0.4369113 0.4597422 0.5198849 0.5124669 0.4549838 0.4398242 0.5314384 0.5421988 0.5335453 0.5590981 0.4484427 0.5135010 0.5706386 0.4940193 0.4840966 0.5572625 0.5195811 0.5338668 0.4941547 0.4956117 0.5001057 0.3267243 0.0000000 0.4657516 0.4388826 0.4539080 0.4525922 0.4155944 0.5140641 0.5265832 0.3599247 0.4331606 0.4082107 0.4130529 0.4267064 0.3998643 0.3904596 0.3972157 0.3962370 0.3865511 0.3616399 0.3769413 0.3867350 0.3566117 0.3526550 0.3656369 
Siphonalia_cassidariaeformis 0.8449656 0.6965466 0.5959517 0.5837320 0.5947244 0.5542500 0.4970760 0.6456328 0.6495086 0.6387029 0.4588639 0.5459490 0.4938046 0.4528309 0.4510572 0.4712978 0.4404525 0.4344030 0.6738198 0.6381472 0.6186977 0.5647624 0.5251012 0.4850705 0.4153839 0.7057626 0.6467919 0.6338647 0.5473747 0.6098563 0.5365286 0.5946513 0.5936286 0.5135198 0.4690016 0.4823801 0.5321337 0.5066131 0.4657516 0.0000000 0.4443827 0.4331834 0.4553387 0.3976724 0.5532376 0.4950880 0.5216257 0.4000776 0.2560555 0.3774261 0.3676893 0.3291193 0.3319903 0.3003972 0.3057371 0.3393369 0.3252528 0.3257095 0.3093127 0.2908035 0.2931359 0.3015154 
Nassarius_festivus           0.7618456 0.6010563 0.5039968 0.5483763 0.6160698 0.5170150 0.5089000 0.5097849 0.4857158 0.4858309 0.4001076 0.4761947 0.4422847 0.3848698 0.3574170 0.3597087 0.3686759 0.3819670 0.6063486 0.6294669 0.5725056 0.5174391 0.4578473 0.4915357 0.4710258 0.6116660 0.5467376 0.6326966 0.5473770 0.4245080 0.4748867 0.4476088 0.5353840 0.4965343 0.4881507 0.5021693 0.4914486 0.5149705 0.4388826 0.4443827 0.0000000 0.2119374 0.2096600 0.4072021 0.4778950 0.4085342 0.4472910 0.4212976 0.3584638 0.3263012 0.3112240 0.3146008 0.3248246 0.3113022 0.3105872 0.3341102 0.3099622 0.3088322 0.2931008 0.2761538 0.2958937 0.3131645 
Nassarius_semisulcatus       0.7668756 0.6196470 0.4997124 0.5215912 0.5624319 0.5373401 0.4559000 0.4843444 0.4131133 0.4625991 0.3604843 0.4750419 0.4258346 0.3936036 0.3982353 0.3619914 0.4002038 0.3995819 0.6705730 0.5533142 0.5403365 0.4481751 0.4607660 0.4875060 0.4847014 0.5308349 0.5180201 0.6192420 0.5083174 0.4571767 0.4781026 0.4127480 0.4499635 0.4488220 0.4166074 0.4220682 0.4617934 0.4864586 0.4539080 0.4331834 0.2119374 0.0000000 0.1101105 0.4383146 0.5029397 0.4137653 0.4610275 0.3877335 0.3206280 0.2964597 0.3101182 0.3205793 0.3295668 0.2803914 0.2848386 0.3280777 0.2870037 0.2991169 0.3067632 0.3002219 0.3258044 0.3149370 
Zeuxis_siquijorensis         0.7928486 0.6202731 0.5043151 0.5067238 0.6173464 0.5876775 0.5206911 0.5214392 0.4790356 0.4687156 0.4241548 0.4929957 0.4625503 0.4022340 0.3989916 0.3697476 0.4171803 0.4068823 0.7108819 0.5663037 0.5436334 0.4619880 0.4358447 0.5036655 0.4573587 0.5973248 0.5143806 0.6075284 0.5495851 0.4666705 0.5229245 0.4706605 0.5167294 0.4658008 0.4392016 0.4630808 0.4455002 0.4854822 0.4525922 0.4553387 0.2096600 0.1101105 0.0000000 0.4243854 0.4905299 0.3989962 0.4689587 0.4274186 0.3314703 0.3016024 0.3324116 0.3254768 0.3378572 0.2958412 0.3036148 0.3391407 0.3092915 0.3037235 0.2973536 0.2802151 0.3189684 0.3152640 
Latiromitra_sp.              0.7067620 0.5729162 0.4853279 0.5684161 0.3642349 0.3995676 0.4143098 0.4782542 0.5002367 0.4695060 0.3612542 0.4195023 0.4228648 0.3866265 0.3658773 0.3420769 0.3440359 0.3676177 0.5711473 0.5082457 0.5003417 0.4141929 0.3624142 0.3808552 0.3757639 0.6153273 0.5005875 0.5187342 0.4554761 0.4849300 0.4727848 0.5155441 0.4959354 0.3771715 0.3889851 0.3903054 0.4252141 0.4199236 0.4155944 0.3976724 0.4072021 0.4383146 0.4243854 0.0000000 0.4074066 0.3589124 0.3900343 0.3328308 0.3388603 0.3439534 0.3040477 0.2802917 0.2863885 0.2920916 0.2918391 0.2949938 0.2705066 0.2906889 0.2669360 0.2547488 0.2598337 0.2577744 
Fusinus_akitai               0.8841277 0.6662789 0.6005373 0.6663211 0.6545865 0.6081403 0.5300906 0.6057492 0.6634444 0.5436089 0.4427781 0.5004517 0.4925228 0.3934109 0.3857080 0.3836552 0.3543946 0.4063957 0.6351450 0.6488924 0.5625470 0.5202309 0.5147790 0.5015983 0.4678325 0.6978259 0.5891667 0.6146047 0.6261072 0.6051848 0.5830114 0.6187559 0.6329345 0.6007388 0.5318025 0.5315496 0.5301018 0.5881395 0.5140641 0.5532376 0.4778950 0.5029397 0.4905299 0.4074066 0.0000000 0.4920802 0.4967860 0.4094694 0.4248322 0.4405077 0.2699954 0.3511378 0.3490371 0.3207094 0.3420253 0.3536756 0.3375966 0.3365428 0.3370086 0.3156613 0.3123467 0.3329495 
Polystira_picta              0.7879483 0.5716226 0.5187208 0.5717256 0.4928785 0.4828247 0.5348805 0.5109154 0.5202742 0.4952069 0.4232000 0.4363411 0.4204042 0.4643948 0.4243325 0.3897986 0.4081526 0.4290129 0.6354082 0.5553138 0.5234025 0.4873294 0.4563541 0.4953907 0.4481263 0.6196715 0.4907772 0.5234830 0.4627232 0.5215723 0.5223881 0.5121053 0.5426338 0.3524012 0.3838777 0.4247468 0.3372128 0.4741538 0.5265832 0.4950880 0.4085342 0.4137653 0.3989962 0.3589124 0.4920802 0.0000000 0.4740494 0.4525526 0.3998234 0.4116242 0.3286826 0.3620658 0.3730454 0.3272536 0.3259283 0.3839057 0.3544209 0.3153243 0.3286541 0.3191295 0.3166356 0.3135490 
Nucella_lapillus             0.8531171 0.5816239 0.5468164 0.6586051 0.5014325 0.5572267 0.4872658 0.5595357 0.5084074 0.5206951 0.4443932 0.5575593 0.4568602 0.4772984 0.4696798 0.4228449 0.4337587 0.4214292 0.6506675 0.5494924 0.4811052 0.4693816 0.4995470 0.4539157 0.4326962 0.5600353 0.4136500 0.4402464 0.6316246 0.4751575 0.4919126 0.5182998 0.5471341 0.5163222 0.4964868 0.5071883 0.4440935 0.4414902 0.3599247 0.5216257 0.4472910 0.4610275 0.4689587 0.3900343 0.4967860 0.4740494 0.0000000 0.3924705 0.4230780 0.3750505 0.3643243 0.3296569 0.3271290 0.3138337 0.3071132 0.4118204 0.3348048 0.3608365 0.3518353 0.3477972 0.3709200 0.3749070 
Neobuccinum_eatoni           0.7594308 0.6326399 0.5227100 0.6049099 0.5532352 0.4707850 0.4578097 0.5315622 0.5343957 0.4926010 0.3637996 0.4454082 0.3879285 0.3907179 0.3205267 0.3169948 0.3023892 0.2785807 0.5539582 0.5567095 0.5535757 0.5590889 0.4571026 0.4438029 0.4093177 0.6288275 0.5540332 0.5636156 0.5827682 0.4868864 0.4674228 0.4608965 0.5337821 0.4481574 0.4748995 0.4917793 0.4658023 0.5067641 0.4331606 0.4000776 0.4212976 0.3877335 0.4274186 0.3328308 0.4094694 0.4525526 0.3924705 0.0000000 0.3166152 0.3066624 0.2778296 0.2594102 0.2678738 0.2609642 0.2478414 0.2654436 0.2561098 0.2871297 0.2462417 0.2384168 0.2653669 0.2615159 
Japeuthria_ferrea            0.7885384 0.6354517 0.5194409 0.6185208 0.5230909 0.4927825 0.5054791 0.5596765 0.5139324 0.5215497 0.3604382 0.4537561 0.4270305 0.4426496 0.3397126 0.3416321 0.3347864 0.3766412 0.6109418 0.5434198 0.5991357 0.4429472 0.4410267 0.4574844 0.3705752 0.6332975 0.4939485 0.5106175 0.5259131 0.4720112 0.4662479 0.4814636 0.4779292 0.4193165 0.4022302 0.4179483 0.4262343 0.4725982 0.4082107 0.2560555 0.3584638 0.3206280 0.3314703 0.3388603 0.4248322 0.3998234 0.4230780 0.3166152 0.0000000 0.3038661 0.2548335 0.2225800 0.2273946 0.2314189 0.2278926 0.2616203 0.2440389 0.2539873 0.2278555 0.2179923 0.2270526 0.2372288 
Antillophos_laevis           0.7417883 0.6057753 0.4729985 0.5108052 0.4857985 0.4075836 0.4084203 0.5399690 0.4756260 0.4771619 0.3788098 0.3903594 0.3866744 0.3833631 0.3473840 0.2903478 0.2993574 0.3384852 0.5658683 0.5400845 0.5246031 0.4768906 0.3916935 0.4196454 0.3892203 0.5568349 0.4924712 0.5184429 0.5428550 0.5208095 0.4705918 0.4590877 0.4853512 0.4017104 0.4828966 0.5147894 0.4934410 0.4506926 0.4130529 0.3774261 0.3263012 0.2964597 0.3016024 0.3439534 0.4405077 0.4116242 0.3750505 0.3066624 0.3038661 0.0000000 0.2511579 0.2419402 0.2552168 0.2280566 0.2332146 0.2313455 0.2292463 0.2124179 0.2111578 0.2061015 0.2298873 0.2269769 
Granulifusus_niponicus       0.6995110 0.5678974 0.4555504 0.5167349 0.5376119 0.4057451 0.4111516 0.5155972 0.4977953 0.3756304 0.3111667 0.3461693 0.3464450 0.2923024 0.2888997 0.2598389 0.2467569 0.2738906 0.5345632 0.5482807 0.5074843 0.4659052 0.3632329 0.4087357 0.3305831 0.5718409 0.4936112 0.5722504 0.4802496 0.4690559 0.4513454 0.4767925 0.5162442 0.3816696 0.3875998 0.4098503 0.4266007 0.4909140 0.4267064 0.3676893 0.3112240 0.3101182 0.3324116 0.3040477 0.2699954 0.3286826 0.3643243 0.2778296 0.2548335 0.2511579 0.0000000 0.2376555 0.2365604 0.2058998 0.2118797 0.2265667 0.1834792 0.2043925 0.1863213 0.1776260 0.1830581 0.1830903 
Neptunea_lamellosa           0.6985682 0.5871934 0.5227418 0.6136022 0.5074598 0.4871626 0.4492032 0.5332447 0.4859589 0.4313968 0.3266167 0.3842189 0.3671184 0.3162618 0.3150896 0.2752353 0.2668157 0.2767046 0.5399244 0.4943655 0.5027383 0.4603483 0.3947365 0.3791482 0.3369247 0.5040543 0.4787399 0.4943762 0.4629767 0.4584790 0.4467666 0.4343725 0.5142445 0.3939243 0.3862914 0.3780822 0.4163902 0.3939881 0.3998643 0.3291193 0.3146008 0.3205793 0.3254768 0.2802917 0.3511378 0.3620658 0.3296569 0.2594102 0.2225800 0.2419402 0.2376555 0.0000000 0.0205165 0.1111217 0.1135108 0.2209016 0.2117887 0.1863850 0.1692308 0.1611670 0.1807268 0.1808964 
Neptunea_purpurea            0.6955459 0.5961082 0.5351220 0.6293727 0.5251018 0.4842835 0.4491770 0.5432777 0.4932123 0.4378335 0.3227807 0.3809642 0.3618630 0.3182560 0.3164650 0.2764854 0.2661337 0.2818790 0.5327629 0.5139243 0.5123007 0.4606700 0.4014063 0.3790975 0.3426738 0.5121755 0.5003193 0.5121139 0.4797297 0.4662286 0.4588347 0.4385642 0.5277995 0.3923083 0.3861210 0.3739265 0.4305877 0.3877803 0.3904596 0.3319903 0.3248246 0.3295668 0.3378572 0.2863885 0.3490371 0.3730454 0.3271290 0.2678738 0.2273946 0.2552168 0.2365604 0.0205165 0.0000000 0.1142084 0.1141611 0.2208491 0.2122765 0.1881506 0.1780711 0.1702300 0.1894455 0.1867420 
Buccinum_aniwanum            0.6603791 0.5479579 0.4786974 0.5323137 0.4908321 0.4362841 0.4265122 0.5289554 0.4525755 0.4077596 0.3048808 0.3343459 0.3266563 0.3008702 0.2768539 0.2599766 0.2399055 0.2540003 0.5468820 0.5236209 0.5035312 0.4829336 0.3622433 0.3631353 0.3288233 0.5236829 0.4425480 0.4750697 0.4540592 0.5044991 0.4680050 0.4550388 0.4652176 0.3889525 0.3280271 0.3279272 0.3994915 0.3794873 0.3972157 0.3003972 0.3113022 0.2803914 0.2958412 0.2920916 0.3207094 0.3272536 0.3138337 0.2609642 0.2314189 0.2280566 0.2058998 0.1111217 0.1142084 0.0000000 0.0370229 0.1792427 0.1714392 0.1509575 0.1603494 0.1431554 0.1575637 0.1584335 
Buccinum_morchianum          0.6380457 0.5393183 0.4679598 0.5438749 0.5110163 0.4400962 0.4085789 0.5132076 0.4230202 0.4025536 0.2987863 0.3357953 0.3283872 0.3021070 0.2853089 0.2623721 0.2444609 0.2692881 0.5498415 0.4991764 0.5080096 0.4830544 0.3468971 0.3483776 0.3207315 0.5069766 0.4584222 0.4995062 0.4584713 0.4878430 0.4610951 0.4541275 0.4513040 0.3584829 0.3464517 0.3391242 0.3849583 0.3649001 0.3962370 0.3057371 0.3105872 0.2848386 0.3036148 0.2918391 0.3420253 0.3259283 0.3071132 0.2478414 0.2278926 0.2332146 0.2118797 0.1135108 0.1141611 0.0370229 0.0000000 0.1863493 0.1788175 0.1540916 0.1582360 0.1426875 0.1622734 0.1673386 
Paraeuthria_plumbea          0.6994277 0.6212622 0.5450973 0.6024683 0.4730654 0.4285240 0.4285033 0.5339795 0.4964826 0.4594547 0.3327953 0.3515788 0.3739726 0.3273624 0.2973649 0.2643051 0.2546105 0.2833455 0.5537631 0.5355976 0.5344361 0.5137524 0.3796505 0.3880567 0.3521510 0.6184252 0.5391725 0.5362317 0.5424829 0.5355106 0.4893339 0.4752948 0.5239886 0.4068649 0.3835579 0.3838683 0.4253012 0.4434068 0.3865511 0.3393369 0.3341102 0.3280777 0.3391407 0.2949938 0.3536756 0.3839057 0.4118204 0.2654436 0.2616203 0.2313455 0.2265667 0.2209016 0.2208491 0.1792427 0.1863493 0.0000000 0.1781197 0.1658599 0.1674439 0.1507876 0.1803278 0.1860709 
Cominella_adspersa           0.7131586 0.5427010 0.4710024 0.5365190 0.4559785 0.3898578 0.4103946 0.4742555 0.4624423 0.4360414 0.2877065 0.3435864 0.3085434 0.2926113 0.2735721 0.2447519 0.2521969 0.2534562 0.5503460 0.4718326 0.4153878 0.4014810 0.3834676 0.3398340 0.3384667 0.5387093 0.4197828 0.4538300 0.5102569 0.4295812 0.4601897 0.4267475 0.4622190 0.3805903 0.3774681 0.3846268 0.3883589 0.3948854 0.3616399 0.3252528 0.3099622 0.2870037 0.3092915 0.2705066 0.3375966 0.3544209 0.3348048 0.2561098 0.2440389 0.2292463 0.1834792 0.2117887 0.2122765 0.1714392 0.1788175 0.1781197 0.0000000 0.1636760 0.1621701 0.1589527 0.1488962 0.1573996 
Burnupena_cincta             0.6949649 0.5742561 0.4804876 0.5400334 0.4706131 0.4219850 0.4300208 0.4858337 0.4793769 0.4040762 0.3098992 0.3377565 0.3289656 0.2979720 0.2844925 0.2300440 0.2360491 0.2569231 0.5137607 0.5060408 0.4881718 0.4469925 0.3978590 0.3826543 0.3608163 0.5798005 0.4486619 0.5071377 0.4745204 0.5107594 0.4970669 0.4581423 0.4633557 0.3847690 0.3644595 0.3684118 0.3759347 0.3696190 0.3769413 0.3257095 0.3088322 0.2991169 0.3037235 0.2906889 0.3365428 0.3153243 0.3608365 0.2871297 0.2539873 0.2124179 0.2043925 0.1863850 0.1881506 0.1509575 0.1540916 0.1658599 0.1636760 0.0000000 0.1514933 0.1346110 0.1418735 0.1479674 
Kelletia_kelletii            0.6289553 0.6003856 0.4804069 0.5830599 0.4784400 0.4117281 0.4004290 0.4746778 0.4464441 0.3748508 0.2861295 0.3422944 0.3136949 0.2814399 0.2844758 0.2368992 0.2342865 0.2523282 0.5569991 0.4642195 0.4807582 0.4210308 0.3331827 0.3360075 0.3093807 0.5241481 0.4458595 0.4601921 0.5084581 0.4478111 0.4486927 0.4582925 0.4882953 0.3683227 0.3699275 0.3766052 0.3892364 0.4205047 0.3867350 0.3093127 0.2931008 0.3067632 0.2973536 0.2669360 0.3370086 0.3286541 0.3518353 0.2462417 0.2278555 0.2111578 0.1863213 0.1692308 0.1780711 0.1603494 0.1582360 0.1674439 0.1621701 0.1514933 0.0000000 0.0277358 0.0790132 0.0859762 
Kelletia_lischkei            0.6217888 0.5989935 0.4869474 0.5519963 0.4685115 0.4081029 0.4106437 0.4785693 0.4379194 0.3771620 0.2830818 0.3365293 0.3071675 0.2655809 0.2687170 0.2204871 0.2213720 0.2362307 0.5510491 0.4736833 0.4644700 0.4249338 0.3403041 0.3272688 0.3070960 0.5400662 0.4651342 0.4686525 0.4806414 0.4514448 0.4309316 0.4461920 0.4848326 0.3681141 0.3511515 0.3655022 0.3778760 0.4285162 0.3566117 0.2908035 0.2761538 0.3002219 0.2802151 0.2547488 0.3156613 0.3191295 0.3477972 0.2384168 0.2179923 0.2061015 0.1776260 0.1611670 0.1702300 0.1431554 0.1426875 0.1507876 0.1589527 0.1346110 0.0277358 0.0000000 0.0724341 0.0825598 
Penion_chathamensis          0.5992628 0.5676367 0.5152641 0.5888730 0.4736412 0.3871797 0.4187443 0.4991994 0.4990465 0.4055400 0.3011999 0.3451740 0.3198950 0.2988280 0.2732523 0.2670574 0.2360029 0.2691712 0.5514433 0.4801454 0.5117620 0.4580775 0.3461520 0.3414000 0.3141336 0.5540453 0.4587438 0.4996679 0.5081463 0.4677399 0.4352101 0.4483000 0.4797555 0.3794163 0.3666765 0.3792936 0.3773761 0.4132434 0.3526550 0.2931359 0.2958937 0.3258044 0.3189684 0.2598337 0.3123467 0.3166356 0.3709200 0.2653669 0.2270526 0.2298873 0.1830581 0.1807268 0.1894455 0.1575637 0.1622734 0.1803278 0.1488962 0.1418735 0.0790132 0.0724341 0.0000000 0.0399943 
