64
Littorina_brevicula          0.0000000 1.1791749 0.9662873 0.8644944 1.3386604 1.4029206 1.1462609 1.2656880 1.0673726 1.1083505 1.0232676 0.9191605 0.8464959 0.9019651 0.9596400 1.1091072 0.9709846 1.1473941 0.9496778 0.9451541 1.0267359 0.9145778 1.0967006 0.9198676 0.9639054 0.9366072 1.0483037 0.9753228 1.0097523 0.9639762 0.9747169 0.9088031 0.8398602 0.8301012 0.7992242 0.7730291 0.9414329 0.8451912 0.8649832 0.8062943 0.8006315 0.8011309 0.8084928 1.3307360 1.1453529 1.0942313 1.0844248 1.0411021 0.9257061 1.1045502 1.0875192 1.0470913 1.0900215 1.0419865 0.9515004 0.9492109 0.9295280 0.9714588 0.9538703 1.1736548 1.0175599 0.9584820 0.8923057 1.0052155 
Cancellaria_cancellata       1.1791749 0.0000000 0.4017053 0.4861144 0.9118873 0.9153671 0.8504600 0.6746050 0.8227596 0.8334980 0.7992423 0.6557869 0.8210207 0.7935156 0.7225807 0.7842129 0.7409277 0.7050417 0.7161416 0.7357076 0.8458515 0.6843188 0.7815948 0.7523027 0.7181681 0.7429996 0.8248706 0.6147153 0.6816446 0.7796456 0.6912799 0.6928097 0.6309998 0.6415413 0.5957718 0.6097915 0.6711674 0.6225359 0.6204041 0.6643484 0.6538735 0.6374940 0.6447023 1.1663103 0.7935789 0.9115898 0.6938051 0.7764515 0.7878818 0.7398663 0.7516537 0.6691286 0.8080600 0.8259758 0.6874866 0.7748890 0.6844329 0.7160704 0.6045512 0.7751781 0.7160604 0.7023243 0.7371728 0.7261442 
Cancellaria_cooperi          0.9662873 0.4017053 0.0000000 0.3166951 0.8948376 0.8107924 0.7403895 0.7699923 0.7672965 0.6765930 0.7636004 0.5834273 0.6621807 0.8039009 0.7908837 0.7569457 0.7688835 0.6987981 0.6692862 0.6399473 0.6690008 0.5910501 0.6882394 0.6523516 0.6230309 0.6365685 0.7021640 0.6138932 0.6189043 0.6846170 0.5790414 0.5780200 0.6153137 0.6222558 0.5761282 0.5826346 0.6322848 0.6315453 0.5747012 0.5792164 0.5793336 0.6097235 0.6041411 1.1897969 0.8852421 0.7837143 0.7259583 0.7998587 0.7629514 0.8063787 0.7380982 0.7848204 0.7113399 0.7319904 0.7487340 0.7427301 0.6869125 0.6231367 0.6054989 0.7225789 0.6933249 0.6296123 0.6372808 0.6950010 
Cancellaria_sinensis         0.8644944 0.4861144 0.3166951 0.0000000 0.9170177 0.9728675 0.8200833 0.7268265 0.7685997 0.6937818 0.7355269 0.7029614 0.7347150 0.7762244 0.7521688 0.8512243 0.7374232 0.7231182 0.7724607 0.7550530 0.6289085 0.6607441 0.6985294 0.6218494 0.6693426 0.6178460 0.7269975 0.6988237 0.6558227 0.7062405 0.5932527 0.5708427 0.6112726 0.6253211 0.6296499 0.6419203 0.6962606 0.6543510 0.6260954 0.6594026 0.6240827 0.6767643 0.6896327 1.2791407 0.8165722 0.8334367 0.7108517 0.7996960 0.7540186 0.7498856 0.6643644 0.6558664 0.6477583 0.7038472 0.7162431 0.6822994 0.6416370 0.6362014 0.6778813 0.8137521 0.6690790 0.6308938 0.6666970 0.6848966 
Sylvanocochlis_ancilla       1.3386604 0.9118873 0.8948376 0.9170177 0.0000000 0.8747396 0.7689532 0.7561597 0.6871635 0.8368133 0.8202208 0.7067002 0.7569911 0.6592836 0.7621095 0.6295322 0.8155028 0.6572928 0.6708865 0.6193663 0.6874880 0.7325154 0.7804894 0.7220040 0.6683318 0.6740287 0.7691702 0.6691589 0.6232682 0.6068215 0.6493449 0.6205669 0.5212366 0.5477157 0.5532746 0.5284836 0.5690117 0.5116004 0.5897246 0.5684657 0.5781041 0.5698446 0.5612866 1.0904100 0.7570135 0.7484275 0.7559170 0.8227010 0.6968969 0.8014541 0.6834674 0.6621051 0.7838919 0.6427079 0.6662613 0.7835780 0.6471157 0.5664867 0.5810616 0.6315791 0.6391187 0.6743690 0.7065293 0.6628226 
Mitra_lens                   1.4029206 0.9153671 0.8107924 0.9728675 0.8747396 0.0000000 0.8136818 0.7044520 0.8264801 0.8321756 0.8606761 0.8093947 0.7202293 0.6786843 0.6326864 0.7247030 0.8813916 0.7853687 0.6908959 0.7013740 0.7513739 0.6509472 0.7515845 0.6917210 0.7549689 0.7902824 0.7158395 0.7150144 0.6480606 0.6950364 0.6423023 0.6044684 0.5994642 0.5912569 0.6337040 0.6264853 0.6109764 0.6231472 0.5694562 0.6459640 0.6421383 0.6492763 0.6524830 1.2329032 0.8643882 0.7375065 0.6681577 0.6414927 0.7802359 0.7106165 0.7147005 0.7359365 0.8821477 0.7196720 0.7036149 0.8468814 0.7556628 0.6289834 0.6921068 0.6921356 0.6696477 0.6900132 0.6745289 0.7422736 
Thalessa_savignyi            1.1462609 0.8504600 0.7403895 0.8200833 0.7689532 0.8136818 0.0000000 0.4144097 0.3891780 0.8228981 0.8157184 0.7045357 0.7105701 0.7464367 0.7744144 0.6109477 0.7838624 0.7755889 0.6535266 0.6529666 0.5551325 0.5432402 0.7189118 0.6879616 0.5861515 0.6078207 0.7146339 0.6550899 0.5804627 0.6092287 0.4963549 0.5781605 0.4787736 0.4917845 0.5136886 0.4982758 0.5019746 0.4660853 0.5060587 0.4954827 0.5023989 0.5146685 0.5359750 0.9708838 0.7158740 0.7630629 0.6787353 0.6444080 0.6665511 0.7852275 0.6941646 0.6532333 0.7670560 0.7229752 0.6698159 0.6535781 0.6818552 0.6179733 0.5544583 0.6390415 0.6150855 0.5703028 0.6234350 0.5989176 
Thais_clavigera              1.2656880 0.6746050 0.7699923 0.7268265 0.7561597 0.7044520 0.4144097 0.0000000 0.3291108 0.7663976 0.7552116 0.7144913 0.6873891 0.7002724 0.6136991 0.7050680 0.6091259 0.7078635 0.6204917 0.6643053 0.5520076 0.5439795 0.6897615 0.6018107 0.5977896 0.6052762 0.6291685 0.6181864 0.5852814 0.5972619 0.5759301 0.5672657 0.5000433 0.4986021 0.5354141 0.5157381 0.5351719 0.4742194 0.5130619 0.5236333 0.5135220 0.5593843 0.5673235 1.0696733 0.6592896 0.7018494 0.6376463 0.6254576 0.6234294 0.6152835 0.5655906 0.5749064 0.7324210 0.6670782 0.5586664 0.6442024 0.6332870 0.5719730 0.4949433 0.6138872 0.6274123 0.6060525 0.6345063 0.6234088 
Thais_haemastoma             1.0673726 0.8227596 0.7672965 0.7685997 0.6871635 0.8264801 0.3891780 0.3291108 0.0000000 0.7427715 0.8160269 0.6684961 0.7546627 0.6285267 0.5999614 0.6784045 0.7599356 0.6969985 0.6513226 0.6342930 0.5644599 0.4730361 0.5891751 0.5821767 0.5546632 0.5572130 0.6475848 0.6033492 0.6275105 0.5212524 0.5307756 0.5517240 0.4729791 0.4723477 0.5235266 0.5200487 0.5562614 0.4679081 0.4944066 0.4630823 0.4542572 0.5037726 0.5298990 1.0818222 0.6744910 0.7244075 0.6069810 0.6050985 0.6486524 0.6330783 0.7024841 0.6042774 0.6740275 0.7186424 0.6555093 0.6850146 0.5922139 0.4728318 0.4924902 0.6609537 0.5437285 0.5583998 0.5810955 0.5616495 
Plesiotriton_sp.             1.1083505 0.8334980 0.6765930 0.6937818 0.8368133 0.8321756 0.8228981 0.7663976 0.7427715 0.0000000 0.7312942 0.6172181 0.7268104 0.7728092 0.6616410 0.7367841 0.6772441 0.7231336 0.7046985 0.7043293 0.7863177 0.6490179 0.8093289 0.6725602 0.6196060 0.7129527 0.7962121 0.7575926 0.7101224 0.7161586 0.7127496 0.6594497 0.5984337 0.6155261 0.6319260 0.6186007 0.6983960 0.6120222 0.6677910 0.6173101 0.6486571 0.6573292 0.6610977 1.2067026 0.8017620 0.8016060 0.7997069 0.7060708 0.7058114 0.8063929 0.7725766 0.8560474 0.7262312 0.7849266 0.7031043 0.9082256 0.7264198 0.6695248 0.6039908 0.8146761 0.7590909 0.7039754 0.6899919 0.7619119 
Conus_praecellens            1.0232676 0.7992423 0.7636004 0.7355269 0.8202208 0.8606761 0.8157184 0.7552116 0.8160269 0.7312942 0.0000000 0.6286392 0.6367202 0.6746036 0.6420653 0.6842750 0.6596931 0.5565721 0.6222238 0.6409904 0.7209315 0.6313166 0.6584960 0.6159548 0.5615348 0.6252746 0.6950127 0.5443978 0.6748215 0.6591935 0.6140805 0.5557196 0.5331671 0.5467362 0.5257302 0.5257190 0.5923910 0.5486109 0.5346061 0.5810478 0.5477345 0.5997828 0.5768538 1.1831552 0.6859336 0.7136722 0.8410356 0.7919418 0.6722559 0.7870130 0.7200684 0.7598070 0.7786909 0.6503570 0.6332683 0.6621260 0.6190074 0.5867117 0.6443650 0.6965226 0.6074675 0.6185547 0.6012886 0.6369845 
Biplex_perca                 0.9191605 0.6557869 0.5834273 0.7029614 0.7067002 0.8093947 0.7045357 0.7144913 0.6684961 0.6172181 0.6286392 0.0000000 0.4981960 0.6630096 0.6502460 0.6682455 0.5790445 0.5666922 0.5020765 0.4792003 0.5744625 0.5651678 0.5983423 0.5654042 0.5149737 0.5807688 0.6143870 0.5949253 0.4839001 0.5827042 0.4989423 0.5424800 0.5163675 0.5206558 0.4945863 0.4717317 0.4792750 0.4158493 0.5128074 0.4808219 0.4876484 0.5163801 0.5177603 0.9668554 0.7244900 0.6433301 0.7070164 0.7111093 0.4408932 0.6944838 0.6562249 0.6643195 0.6470001 0.5753933 0.4893605 0.6195745 0.5423651 0.5264034 0.4991311 0.6361687 0.6433444 0.5873830 0.5778380 0.5828796 
Ficus_subintermedia          0.8464959 0.8210207 0.6621807 0.7347150 0.7569911 0.7202293 0.7105701 0.6873891 0.7546627 0.7268104 0.6367202 0.4981960 0.0000000 0.6561066 0.6960886 0.6560500 0.6279827 0.6830724 0.6775145 0.6680427 0.6568640 0.5874044 0.7486703 0.6026061 0.5388595 0.5577335 0.6512627 0.5885673 0.5814516 0.6607286 0.5616358 0.5567692 0.5965129 0.5928033 0.5967792 0.5745394 0.6088245 0.5422341 0.5732231 0.5542862 0.5579673 0.6031624 0.5885777 1.0531117 0.8353349 0.7936647 0.7611811 0.6943434 0.5834813 0.8202994 0.7302557 0.7349870 0.6938440 0.6719479 0.5659251 0.5963254 0.5639111 0.6197360 0.5713490 0.6843165 0.6985726 0.6318708 0.6127540 0.6399584 
Oliva_mustelina              0.9019651 0.7935156 0.8039009 0.7762244 0.6592836 0.6786843 0.7464367 0.7002724 0.6285267 0.7728092 0.6746036 0.6630096 0.6561066 0.0000000 0.2250998 0.4516396 0.6680496 0.6139234 0.5685004 0.6120791 0.6130995 0.6494988 0.6624077 0.4858461 0.5198117 0.5427444 0.6674572 0.5698959 0.5633331 0.5637621 0.6262893 0.5070117 0.4938826 0.5027755 0.5789704 0.5544975 0.6187700 0.4866465 0.5921318 0.5307740 0.5346526 0.5523883 0.5551779 0.9797306 0.6764382 0.6078718 0.6392444 0.6134590 0.6292004 0.6443452 0.6537940 0.6793817 0.6439404 0.5467126 0.5892426 0.6676288 0.5976504 0.5411066 0.5079520 0.6485827 0.5836910 0.5501554 0.5346856 0.5606419 
Oliva_spicata                0.9596400 0.7225807 0.7908837 0.7521688 0.7621095 0.6326864 0.7744144 0.6136991 0.5999614 0.6616410 0.6420653 0.6502460 0.6960886 0.2250998 0.0000000 0.4551659 0.6427724 0.6807289 0.6024585 0.5877009 0.6372711 0.6129800 0.6011851 0.5418213 0.5381432 0.5914028 0.6360359 0.5986460 0.5331358 0.5459451 0.5713547 0.5059755 0.5003806 0.5145861 0.5459085 0.5435225 0.5672007 0.5310509 0.5788698 0.5231310 0.5015542 0.5134562 0.5107599 0.9476818 0.6226717 0.6817732 0.6585949 0.6151490 0.6459661 0.6935564 0.6661426 0.7342922 0.6289068 0.5931480 0.5508565 0.6301381 0.5678439 0.5608837 0.5260409 0.6402468 0.5981779 0.5417324 0.5226119 0.5197745 
Olivella_volutella           1.1091072 0.7842129 0.7569457 0.8512243 0.6295322 0.7247030 0.6109477 0.7050680 0.6784045 0.7367841 0.6842750 0.6682455 0.6560500 0.4516396 0.4551659 0.0000000 0.7133979 0.6281645 0.5953623 0.6010200 0.7156516 0.6948268 0.7376624 0.5538782 0.5332515 0.5941048 0.7510765 0.5889815 0.5380025 0.5716105 0.5375637 0.5274010 0.4976503 0.4963705 0.5246367 0.5321297 0.5422004 0.4717395 0.5598992 0.5200257 0.5141727 0.5112263 0.5189738 1.2347351 0.6840987 0.6655231 0.7180700 0.7041475 0.6570488 0.6753845 0.7096244 0.7074980 0.6209411 0.6300672 0.5585144 0.6624655 0.6159869 0.6146935 0.6195989 0.6861083 0.7051498 0.6379956 0.6643108 0.6503006 
Tonna_luteostoma             0.9709846 0.7409277 0.7688835 0.7374232 0.8155028 0.8813916 0.7838624 0.6091259 0.7599356 0.6772441 0.6596931 0.5790445 0.6279827 0.6680496 0.6427724 0.7133979 0.0000000 0.6571406 0.6571697 0.6107497 0.7421211 0.6395776 0.6767050 0.6111167 0.5005614 0.5999341 0.7424905 0.5984750 0.5717784 0.5572246 0.5750585 0.5838497 0.5814019 0.5916748 0.5329342 0.5134584 0.6212926 0.4963890 0.5180033 0.5562956 0.5558241 0.5473163 0.5654613 1.0339541 0.7761483 0.6859709 0.6735769 0.6745535 0.4855700 0.8043549 0.7217138 0.7225629 0.7500383 0.6980343 0.5566647 0.6815884 0.6724528 0.6695746 0.5825888 0.6711741 0.6688135 0.6567418 0.6549774 0.7117898 
Aforia_magnifica             1.1473941 0.7050417 0.6987981 0.7231182 0.6572928 0.7853687 0.7755889 0.7078635 0.6969985 0.7231336 0.5565721 0.5666922 0.6830724 0.6139234 0.6807289 0.6281645 0.6571406 0.0000000 0.5933921 0.6242120 0.6415327 0.6811694 0.5652141 0.5639227 0.4884997 0.5301856 0.6793094 0.3941860 0.4948596 0.4824359 0.5081488 0.4230174 0.4450579 0.4439973 0.4449189 0.4276002 0.4681794 0.4282472 0.4442586 0.4216196 0.4244199 0.4539882 0.4415105 1.0131493 0.6106790 0.6020658 0.6609436 0.6282178 0.6426707 0.6514341 0.6369803 0.6641434 0.6937132 0.4836508 0.5506701 0.5553221 0.5172176 0.4443608 0.6096077 0.5536622 0.5070866 0.5142845 0.5377857 0.5175963 
Babylonia_japonica           0.9496778 0.7161416 0.6692862 0.7724607 0.6708865 0.6908959 0.6535266 0.6204917 0.6513226 0.7046985 0.6222238 0.5020765 0.6775145 0.5685004 0.6024585 0.5953623 0.6571697 0.5933921 0.0000000 0.1049339 0.5969517 0.5720137 0.5112081 0.5836226 0.5208534 0.5311237 0.5964930 0.4503099 0.5312776 0.4636831 0.5454494 0.4263200 0.4292086 0.4345316 0.3666763 0.3868563 0.4390297 0.4420847 0.4048098 0.4224327 0.4037780 0.4225513 0.4247775 0.9521496 0.6011072 0.5979270 0.5841350 0.6210905 0.5947339 0.5995868 0.6154828 0.5882602 0.6152423 0.5303836 0.4959141 0.5424850 0.5124502 0.4677395 0.5153240 0.5699065 0.5686797 0.5200028 0.4983006 0.5510672 
Babylonia_lutosa             0.9451541 0.7357076 0.6399473 0.7550530 0.6193663 0.7013740 0.6529666 0.6643053 0.6342930 0.7043293 0.6409904 0.4792003 0.6680427 0.6120791 0.5877009 0.6010200 0.6107497 0.6242120 0.1049339 0.0000000 0.6181774 0.5866816 0.5184066 0.5963558 0.5461609 0.5739494 0.6075425 0.5056314 0.5503141 0.4756755 0.5867353 0.4499988 0.4139475 0.4146087 0.3691291 0.3811009 0.4399293 0.4351629 0.4090339 0.4298215 0.4200013 0.4355157 0.4222439 0.9269125 0.6395647 0.6074372 0.6147501 0.6197996 0.5693675 0.6365988 0.5968640 0.6271758 0.6188414 0.5549272 0.5000627 0.5230332 0.5071137 0.4577591 0.5150079 0.5752090 0.5476642 0.5064007 0.4968260 0.5472788 
Cronia_sp.                   1.0267359 0.8458515 0.6690008 0.6289085 0.6874880 0.7513739 0.5551325 0.5520076 0.5644599 0.7863177 0.7209315 0.5744625 0.6568640 0.6130995 0.6372711 0.7156516 0.7421211 0.6415327 0.5969517 0.6181774 0.0000000 0.3651173 0.6310926 0.5830441 0.5207822 0.5474974 0.6497919 0.5888469 0.5643247 0.5807489 0.5131174 0.5695382 0.4606005 0.4617878 0.4856129 0.4576602 0.5214915 0.4799928 0.4493198 0.5047622 0.5064300 0.5082983 0.5199252 1.2956727 0.7378267 0.7436125 0.6339092 0.6420162 0.5919134 0.6792085 0.6546250 0.6138868 0.6872403 0.6853283 0.6031545 0.5763637 0.6152420 0.5798223 0.4489112 0.6509875 0.6618733 0.6193631 0.6365437 0.5939849 
Drupella_cornus              0.9145778 0.6843188 0.5910501 0.6607441 0.7325154 0.6509472 0.5432402 0.5439795 0.4730361 0.6490179 0.6313166 0.5651678 0.5874044 0.6494988 0.6129800 0.6948268 0.6395776 0.6811694 0.5720137 0.5866816 0.3651173 0.0000000 0.5504456 0.4797167 0.4761774 0.5103858 0.6047087 0.5617649 0.4684668 0.4849891 0.4438538 0.4819280 0.4587959 0.4465483 0.4658225 0.4631123 0.4782780 0.4107601 0.4342483 0.4266641 0.4029309 0.4133835 0.4206143 1.0388428 0.6152329 0.5839597 0.5629055 0.5648114 0.5958512 0.6447778 0.6124494 0.6459646 0.6546112 0.6056563 0.5854103 0.5802303 0.5454168 0.5070538 0.3921975 0.5497280 0.5442055 0.5223024 0.4708576 0.5158392 
Siphonalia_cassidariaeformis 1.0967006 0.7815948 0.6882394 0.6985294 0.7804894 0.7515845 0.7189118 0.6897615 0.5891751 0.8093289 0.6584960 0.5983423 0.7486703 0.6624077 0.6011851 0.7376624 0.6767050 0.5652141 0.5112081 0.5184066 0.6310926 0.5504456 0.0000000 0.4867185 0.4501116 0.4917754 0.6029470 0.5497466 0.4249652 0.2800940 0.4212277 0.4002863 0.3483929 0.3483576 0.3191675 0.3179074 0.3629175 0.3566428 0.3457063 0.3337405 0.3134166 0.3221873 0.3298761 1.1091096 0.6235538 0.6496716 0.7118864 0.6282602 0.7310016 0.5525542 0.5604017 0.5329879 0.6539892 0.5753283 0.5270947 0.6176851 0.5054845 0.4344483 0.5336675 0.4738124 0.4911069 0.5077272 0.4866397 0.4557844 
Nassarius_festivus           0.9198676 0.7523027 0.6523516 0.6218494 0.7220040 0.6917210 0.6879616 0.6018107 0.5821767 0.6725602 0.6159548 0.5654042 0.6026061 0.4858461 0.5418213 0.5538782 0.6111167 0.5639227 0.5836226 0.5963558 0.5830441 0.4797167 0.4867185 0.0000000 0.2448775 0.2396557 0.5293097 0.4523508 0.4768266 0.4017249 0.3735683 0.3418543 0.3467520 0.3586298 0.3509535 0.3465081 0.3731147 0.3448671 0.3455550 0.3271319 0.3079313 0.3304298 0.3505425 0.9783846 0.5826849 0.6008327 0.5984152 0.5797283 0.5575019 0.5198123 0.5243690 0.5455792 0.5633509 0.5945120 0.4787159 0.5382957 0.4629438 0.4450090 0.4750690 0.4397148 0.3884617 0.3835676 0.4030342 0.4218338 
Nassarius_semisulcatus       0.9639054 0.7181681 0.6230309 0.6693426 0.6683318 0.7549689 0.5861515 0.5977896 0.5546632 0.6196060 0.5615348 0.5149737 0.5388595 0.5198117 0.5381432 0.5332515 0.5005614 0.4884997 0.5208534 0.5461609 0.5207822 0.4761774 0.4501116 0.2448775 0.0000000 0.1234468 0.5584872 0.4572739 0.4370480 0.3577363 0.3383690 0.3406395 0.3534361 0.3639004 0.3149123 0.3166353 0.3658311 0.3181101 0.3340608 0.3430355 0.3356673 0.3648962 0.3526621 1.0351980 0.5869740 0.6164913 0.6036672 0.5690784 0.4617193 0.5184825 0.5589509 0.5579018 0.5412627 0.5701596 0.4100944 0.5141530 0.4597296 0.4914424 0.4735086 0.4380503 0.4242661 0.4197292 0.4327243 0.4484645 
Zeuxis_siquijorensis         0.9366072 0.7429996 0.6365685 0.6178460 0.6740287 0.7902824 0.6078207 0.6052762 0.5572130 0.7129527 0.6252746 0.5807688 0.5577335 0.5427444 0.5914028 0.5941048 0.5999341 0.5301856 0.5311237 0.5739494 0.5474974 0.5103858 0.4917754 0.2396557 0.1234468 0.0000000 0.5493314 0.4409701 0.4856374 0.3718335 0.3463051 0.3680646 0.3610393 0.3754496 0.3344675 0.3400181 0.3761978 0.3452237 0.3408456 0.3338102 0.3142087 0.3585787 0.3548032 0.9745322 0.6352822 0.6598741 0.5870039 0.5484688 0.5448708 0.4967799 0.5592960 0.5224685 0.5489890 0.5383143 0.4552875 0.5341261 0.4798575 0.4700639 0.4600680 0.4453225 0.4346062 0.4326157 0.4762396 0.4604449 
Fusinus_akitai               1.0483037 0.8248706 0.7021640 0.7269975 0.7691702 0.7158395 0.7146339 0.6291685 0.6475848 0.7962121 0.6950127 0.6143870 0.6512627 0.6674572 0.6360359 0.7510765 0.7424905 0.6793094 0.5964930 0.6075425 0.6497919 0.6047087 0.6029470 0.5293097 0.5584872 0.5493314 0.0000000 0.5540743 0.4540367 0.4734689 0.4971629 0.2947415 0.3857829 0.3834287 0.3577546 0.3786804 0.3866531 0.3766082 0.3740043 0.3787712 0.3540081 0.3499135 0.3739502 1.0419357 0.7206921 0.6689325 0.6208248 0.6183123 0.6947235 0.6169040 0.5475218 0.6355812 0.5611394 0.5965529 0.4657841 0.5260234 0.4860200 0.4863081 0.4698260 0.4315391 0.4275148 0.4162446 0.3943235 0.4481364 
Polystira_picta              0.9753228 0.6147153 0.6138932 0.6988237 0.6691589 0.7150144 0.6550899 0.6181864 0.6033492 0.7575926 0.5443978 0.5949253 0.5885673 0.5698959 0.5986460 0.5889815 0.5984750 0.3941860 0.4503099 0.5056314 0.5888469 0.5617649 0.5497466 0.4523508 0.4572739 0.4409701 0.5540743 0.0000000 0.4805902 0.4357258 0.4736863 0.3669114 0.3712827 0.3834345 0.3536724 0.3542909 0.4213194 0.3979404 0.3464719 0.3585198 0.3477786 0.3572063 0.3486192 1.0945133 0.5394407 0.5840496 0.5875493 0.5055824 0.5611644 0.5043401 0.5657881 0.5961842 0.5978206 0.3857247 0.4691997 0.4751021 0.4376133 0.4264642 0.4713965 0.5380598 0.4752107 0.4704170 0.4841181 0.4951492 
Neobuccinum_eatoni           1.0097523 0.6816446 0.6189043 0.6558227 0.6232682 0.6480606 0.5804627 0.5852814 0.6275105 0.7101224 0.6748215 0.4839001 0.5814516 0.5633331 0.5331358 0.5380025 0.5717784 0.4948596 0.5312776 0.5503141 0.5643247 0.4684668 0.4249652 0.4768266 0.4370480 0.4856374 0.4540367 0.4805902 0.0000000 0.3495216 0.3471903 0.3073605 0.2825328 0.2922882 0.2952587 0.2768442 0.2883942 0.2859161 0.3237853 0.2760215 0.2669111 0.2978828 0.2935320 1.0709223 0.6394718 0.5498529 0.6128719 0.5584966 0.5777624 0.5408602 0.5084354 0.5577087 0.5032650 0.5117084 0.3732471 0.4759226 0.3998717 0.3949412 0.4084952 0.3979712 0.3420403 0.3244238 0.3192533 0.3071670 
Japeuthria_ferrea            0.9639762 0.7796456 0.6846170 0.7062405 0.6068215 0.6950364 0.6092287 0.5972619 0.5212524 0.7161586 0.6591935 0.5827042 0.6607286 0.5637621 0.5459451 0.5716105 0.5572246 0.4824359 0.4636831 0.4756755 0.5807489 0.4849891 0.2800940 0.4017249 0.3577363 0.3718335 0.4734689 0.4357258 0.3495216 0.0000000 0.3393125 0.2849079 0.2427882 0.2483403 0.2571253 0.2503632 0.2839796 0.2679381 0.2811135 0.2540916 0.2429878 0.2533787 0.2651975 0.9697522 0.5425760 0.5714673 0.5357761 0.5096865 0.5353881 0.4906599 0.5463304 0.4708787 0.5727302 0.4986516 0.3921637 0.5108413 0.4117029 0.3776156 0.4614776 0.4268881 0.3768819 0.3909945 0.3972710 0.4030885 
Antillophos_laevis           0.9747169 0.6912799 0.5790414 0.5932527 0.6493449 0.6423023 0.4963549 0.5759301 0.5307756 0.7127496 0.6140805 0.4989423 0.5616358 0.6262893 0.5713547 0.5375637 0.5750585 0.5081488 0.5454494 0.5867353 0.5131174 0.4438538 0.4212277 0.3735683 0.3383690 0.3463051 0.4971629 0.4736863 0.3471903 0.3393125 0.0000000 0.2808456 0.2666093 0.2820375 0.2610274 0.2642315 0.2579254 0.2584867 0.2406712 0.2392397 0.2333501 0.2606667 0.2574783 0.8510485 0.5546985 0.5198338 0.5720210 0.5181527 0.5197253 0.4522141 0.4683626 0.4792186 0.5637190 0.5664282 0.4331978 0.4569056 0.4369281 0.4066219 0.3858305 0.4488066 0.4031308 0.3377250 0.3683936 0.3907463 
Granulifusus_niponicus       0.9088031 0.6928097 0.5780200 0.5708427 0.6205669 0.6044684 0.5781605 0.5672657 0.5517240 0.6594497 0.5557196 0.5424800 0.5567692 0.5070117 0.5059755 0.5274010 0.5838497 0.4230174 0.4263200 0.4499988 0.5695382 0.4819280 0.4002863 0.3418543 0.3406395 0.3680646 0.2947415 0.3669114 0.3073605 0.2849079 0.2808456 0.0000000 0.2561490 0.2549696 0.2297511 0.2378395 0.2462922 0.2005976 0.2261975 0.2087137 0.1987658 0.2049310 0.2049470 0.8540897 0.5352916 0.4826201 0.5307227 0.4945066 0.5518136 0.4152464 0.4527773 0.4195055 0.4232106 0.4917575 0.3339672 0.3776029 0.3528017 0.3325418 0.3921979 0.3490076 0.3206261 0.3230577 0.2920749 0.3275583 
Neptunea_lamellosa           0.8398602 0.6309998 0.6153137 0.6112726 0.5212366 0.5994642 0.4787736 0.5000433 0.4729791 0.5984337 0.5331671 0.5163675 0.5965129 0.4938826 0.5003806 0.4976503 0.5814019 0.4450579 0.4292086 0.4139475 0.4606005 0.4587959 0.3483929 0.3467520 0.3534361 0.3610393 0.3857829 0.3712827 0.2825328 0.2427882 0.2666093 0.2561490 0.0000000 0.0229478 0.1184671 0.1193716 0.2334025 0.2297668 0.2021416 0.1826973 0.1736051 0.1957089 0.1959421 0.7743379 0.5191918 0.5304816 0.5249405 0.4442513 0.4895216 0.4282204 0.4084657 0.4014543 0.4851586 0.4770275 0.3417160 0.3974776 0.3629417 0.3034862 0.3398284 0.3558409 0.3287682 0.3113816 0.3211066 0.3030345 
Neptunea_purpurea            0.8301012 0.6415413 0.6222558 0.6253211 0.5477157 0.5912569 0.4917845 0.4986021 0.4723477 0.6155261 0.5467362 0.5206558 0.5928033 0.5027755 0.5145861 0.4963705 0.5916748 0.4439973 0.4345316 0.4146087 0.4617878 0.4465483 0.3483576 0.3586298 0.3639004 0.3754496 0.3834287 0.3834345 0.2922882 0.2483403 0.2820375 0.2549696 0.0229478 0.0000000 0.1219489 0.1201032 0.2333674 0.2303750 0.2041698 0.1927746 0.1839330 0.2056954 0.2026384 0.7698828 0.5271638 0.5272109 0.5519274 0.4739789 0.4956522 0.4358743 0.4084110 0.4047576 0.4871281 0.4879968 0.3381386 0.3941282 0.3555430 0.3163212 0.3326287 0.3580962 0.3303678 0.3145976 0.3221470 0.3123633 
Buccinum_aniwanum            0.7992242 0.5957718 0.5761282 0.6296499 0.5532746 0.6337040 0.5136886 0.5354141 0.5235266 0.6319260 0.5257302 0.4945863 0.5967792 0.5789704 0.5459085 0.5246367 0.5329342 0.4449189 0.3666763 0.3691291 0.4856129 0.4658225 0.3191675 0.3509535 0.3149123 0.3344675 0.3577546 0.3536724 0.2952587 0.2571253 0.2610274 0.2297511 0.1184671 0.1219489 0.0000000 0.0402164 0.1952188 0.1924585 0.1701123 0.1807667 0.1611288 0.1776427 0.1786797 0.8284074 0.5286816 0.5023727 0.4976840 0.4493943 0.4764903 0.3942834 0.4070376 0.4029510 0.4629412 0.4605316 0.3311175 0.3683536 0.3314242 0.3228414 0.3355552 0.3450529 0.3073406 0.3202045 0.2906453 0.2994248 
Buccinum_morchianum          0.7730291 0.6097915 0.5826346 0.6419203 0.5284836 0.6264853 0.4982758 0.5157381 0.5200487 0.6186007 0.5257190 0.4717317 0.5745394 0.5544975 0.5435225 0.5321297 0.5134584 0.4276002 0.3868563 0.3811009 0.4576602 0.4631123 0.3179074 0.3465081 0.3166353 0.3400181 0.3786804 0.3542909 0.2768442 0.2503632 0.2642315 0.2378395 0.1193716 0.1201032 0.0402164 0.0000000 0.2009149 0.1984941 0.1715478 0.1761884 0.1585689 0.1807892 0.1866473 0.8076863 0.5381216 0.5057668 0.5094100 0.4623190 0.4611402 0.3848478 0.3839938 0.3893034 0.4477562 0.4512133 0.3145938 0.3605034 0.3226625 0.3210923 0.3336828 0.3434003 0.3135548 0.3217347 0.2941457 0.3038650 
Paraeuthria_plumbea          0.9414329 0.6711674 0.6322848 0.6962606 0.5690117 0.6109764 0.5019746 0.5351719 0.5562614 0.6983960 0.5923910 0.4792750 0.6088245 0.6187700 0.5672007 0.5422004 0.6212926 0.4681794 0.4390297 0.4399293 0.5214915 0.4782780 0.3629175 0.3731147 0.3658311 0.3761978 0.3866531 0.4213194 0.2883942 0.2839796 0.2579254 0.2462922 0.2334025 0.2333674 0.1952188 0.2009149 0.0000000 0.1907064 0.1783797 0.1831890 0.1643520 0.1976551 0.2042384 0.7944803 0.4878648 0.5045335 0.5838515 0.5055177 0.4928684 0.4472151 0.4317229 0.4385569 0.4744997 0.5230637 0.3555138 0.4088121 0.4081600 0.3178455 0.4266541 0.3417563 0.3335088 0.3106459 0.2971634 0.3241377 
Cominella_adspersa           0.8451912 0.6225359 0.6315453 0.6543510 0.5116004 0.6231472 0.4660853 0.4742194 0.4679081 0.6120222 0.5486109 0.4158493 0.5422341 0.4866465 0.5310509 0.4717395 0.4963890 0.4282472 0.4420847 0.4351629 0.4799928 0.4107601 0.3566428 0.3448671 0.3181101 0.3452237 0.3766082 0.3979404 0.2859161 0.2679381 0.2584867 0.2005976 0.2297668 0.2303750 0.1924585 0.1984941 0.1907064 0.0000000 0.1817901 0.1799528 0.1763029 0.1646934 0.1745377 0.7704331 0.4884076 0.4706830 0.5122299 0.4553878 0.5153198 0.4341463 0.3764249 0.4170576 0.4495748 0.4441234 0.3242763 0.3858392 0.3125627 0.3110537 0.3697626 0.3090678 0.3148295 0.2976263 0.2913493 0.2964074 
Burnupena_cincta             0.8649832 0.6204041 0.5747012 0.6260954 0.5897246 0.5694562 0.5060587 0.5130619 0.4944066 0.6677910 0.5346061 0.5128074 0.5732231 0.5921318 0.5788698 0.5598992 0.5180033 0.4442586 0.4048098 0.4090339 0.4493198 0.4342483 0.3457063 0.3455550 0.3340608 0.3408456 0.3740043 0.3464719 0.3237853 0.2811135 0.2406712 0.2261975 0.2021416 0.2041698 0.1701123 0.1715478 0.1783797 0.1817901 0.0000000 0.1689937 0.1497745 0.1580757 0.1651148 0.8311785 0.4877322 0.5300843 0.4756587 0.4937182 0.5029413 0.4483939 0.4162995 0.4314082 0.4458287 0.4468975 0.3422833 0.3821521 0.3530631 0.3077278 0.3744968 0.3544776 0.3276999 0.3043864 0.3208118 0.3204040 
Kelletia_kelletii            0.8062943 0.6643484 0.5792164 0.6594026 0.5684657 0.6459640 0.4954827 0.5236333 0.4630823 0.6173101 0.5810478 0.4808219 0.5542862 0.5307740 0.5231310 0.5200257 0.5562956 0.4216196 0.4224327 0.4298215 0.5047622 0.4266641 0.3337405 0.3271319 0.3430355 0.3338102 0.3787712 0.3585198 0.2760215 0.2540916 0.2392397 0.2087137 0.1826973 0.1927746 0.1807667 0.1761884 0.1831890 0.1799528 0.1689937 0.0000000 0.0309298 0.0886429 0.0965554 0.8655658 0.5141194 0.5028338 0.4977721 0.4418927 0.5230022 0.3747016 0.3848407 0.3948589 0.4138272 0.4629702 0.3186339 0.3786797 0.3281667 0.3093687 0.3601034 0.2932396 0.3280658 0.2805150 0.2960433 0.2950898 
Kelletia_lischkei            0.8006315 0.6538735 0.5793336 0.6240827 0.5781041 0.6421383 0.5023989 0.5135220 0.4542572 0.6486571 0.5477345 0.4876484 0.5579673 0.5346526 0.5015542 0.5141727 0.5558241 0.4244199 0.4037780 0.4200013 0.5064300 0.4029309 0.3134166 0.3079313 0.3356673 0.3142087 0.3540081 0.3477786 0.2669111 0.2429878 0.2333501 0.1987658 0.1736051 0.1839330 0.1611288 0.1585689 0.1643520 0.1763029 0.1497745 0.0309298 0.0000000 0.0812267 0.0927075 0.8506454 0.4991778 0.4912225 0.5066702 0.4425805 0.4905652 0.3844403 0.3801980 0.4004472 0.4108802 0.4465571 0.3237536 0.3729566 0.3241236 0.2968361 0.3621917 0.2792669 0.3130932 0.2706998 0.2784873 0.2822553 
Penion_chathamensis          0.8011309 0.6374940 0.6097235 0.6767643 0.5698446 0.6492763 0.5146685 0.5593843 0.5037726 0.6573292 0.5997828 0.5163801 0.6031624 0.5523883 0.5134562 0.5112263 0.5473163 0.4539882 0.4225513 0.4355157 0.5082983 0.4133835 0.3221873 0.3304298 0.3648962 0.3585787 0.3499135 0.3572063 0.2978828 0.2533787 0.2606667 0.2049310 0.1957089 0.2056954 0.1776427 0.1807892 0.1976551 0.1646934 0.1580757 0.0886429 0.0812267 0.0000000 0.0445916 0.8540043 0.5108083 0.4853076 0.5094266 0.4668764 0.5641265 0.3997922 0.4044170 0.4184970 0.4672413 0.4456494 0.3253250 0.3824885 0.3359744 0.3084428 0.3782124 0.3176289 0.3258472 0.3217662 0.3043597 0.3126056 
Peristernia_sulcata          0.8084928 0.6447023 0.6041411 0.6896327 0.5612866 0.6524830 0.5359750 0.5673235 0.5298990 0.6610977 0.5768538 0.5177603 0.5885777 0.5551779 0.5107599 0.5189738 0.5654613 0.4415105 0.4247775 0.4222439 0.5199252 0.4206143 0.3298761 0.3505425 0.3526621 0.3548032 0.3739502 0.3486192 0.2935320 0.2651975 0.2574783 0.2049470 0.1959421 0.2026384 0.1786797 0.1866473 0.2042384 0.1745377 0.1651148 0.0965554 0.0927075 0.0445916 0.0000000 0.8934410 0.5042832 0.5052431 0.5210240 0.4798824 0.5444220 0.3938035 0.4123609 0.4418947 0.4697482 0.4567263 0.3447499 0.3896001 0.3326282 0.3159531 0.3834243 0.3076725 0.3333752 0.3126087 0.3051446 0.3169340 
Pomacea_canaliculata         1.3307360 1.1663103 1.1897969 1.2791407 1.0904100 1.2329032 0.9708838 1.0696733 1.0818222 1.2067026 1.1831552 0.9668554 1.0531117 0.9797306 0.9476818 1.2347351 1.0339541 1.0131493 0.9521496 0.9269125 1.2956727 1.0388428 1.1091096 0.9783846 1.0351980 0.9745322 1.0419357 1.0945133 1.0709223 0.9697522 0.8510485 0.8540897 0.7743379 0.7698828 0.8284074 0.8076863 0.7944803 0.7704331 0.8311785 0.8655658 0.8506454 0.8540043 0.8934410 0.0000000 1.0736140 0.9434663 1.1507515 1.1015322 1.0911882 1.1211915 1.0443535 1.0735376 1.0354872 1.1488736 0.9070119 0.9844819 0.9095713 0.9603260 1.0823834 0.9475263 0.9150518 0.9119071 0.9344594 0.9510419 
Microvoluta_sp.              1.1453529 0.7935789 0.8852421 0.8165722 0.7570135 0.8643882 0.7158740 0.6592896 0.6744910 0.8017620 0.6859336 0.7244900 0.8353349 0.6764382 0.6226717 0.6840987 0.7761483 0.6106790 0.6011072 0.6395647 0.7378267 0.6152329 0.6235538 0.5826849 0.5869740 0.6352822 0.7206921 0.5394407 0.6394718 0.5425760 0.5546985 0.5352916 0.5191918 0.5271638 0.5286816 0.5381216 0.4878648 0.4884076 0.4877322 0.5141194 0.4991778 0.5108083 0.5042832 1.0736140 0.0000000 0.3165838 0.6812103 0.6747657 0.6623255 0.5617450 0.6427784 0.6209333 0.7594842 0.6478529 0.6149917 0.6710060 0.6223032 0.4301134 0.5708546 0.6393459 0.6143247 0.5812076 0.6278385 0.6288435 
Vexillum_plicarium           1.0942313 0.9115898 0.7837143 0.8334367 0.7484275 0.7375065 0.7630629 0.7018494 0.7244075 0.8016060 0.7136722 0.6433301 0.7936647 0.6078718 0.6817732 0.6655231 0.6859709 0.6020658 0.5979270 0.6074372 0.7436125 0.5839597 0.6496716 0.6008327 0.6164913 0.6598741 0.6689325 0.5840496 0.5498529 0.5714673 0.5198338 0.4826201 0.5304816 0.5272109 0.5023727 0.5057668 0.5045335 0.4706830 0.5300843 0.5028338 0.4912225 0.4853076 0.5052431 0.9434663 0.3165838 0.0000000 0.6751991 0.6378452 0.5987522 0.6074202 0.5575950 0.6005895 0.6654228 0.6338146 0.5281201 0.6147184 0.5567219 0.4414618 0.6170902 0.6673634 0.5596872 0.5882249 0.6024016 0.6570184 
Muricanthus_radix            1.0844248 0.6938051 0.7259583 0.7108517 0.7559170 0.6681577 0.6787353 0.6376463 0.6069810 0.7997069 0.8410356 0.7070164 0.7611811 0.6392444 0.6585949 0.7180700 0.6735769 0.6609436 0.5841350 0.6147501 0.6339092 0.5629055 0.7118864 0.5984152 0.6036672 0.5870039 0.6208248 0.5875493 0.6128719 0.5357761 0.5720210 0.5307227 0.5249405 0.5519274 0.4976840 0.5094100 0.5838515 0.5122299 0.4756587 0.4977721 0.5066702 0.5094266 0.5210240 1.1507515 0.6812103 0.6751991 0.0000000 0.3072412 0.6987214 0.6353931 0.6479548 0.5988596 0.6929729 0.5762460 0.6327062 0.6916093 0.6113303 0.5772896 0.4772580 0.6565417 0.6525266 0.6126522 0.6229584 0.6482628 
Siratus_beauii               1.0411021 0.7764515 0.7998587 0.7996960 0.8227010 0.6414927 0.6444080 0.6254576 0.6050985 0.7060708 0.7919418 0.7111093 0.6943434 0.6134590 0.6151490 0.7041475 0.6745535 0.6282178 0.6210905 0.6197996 0.6420162 0.5648114 0.6282602 0.5797283 0.5690784 0.5484688 0.6183123 0.5055824 0.5584966 0.5096865 0.5181527 0.4945066 0.4442513 0.4739789 0.4493943 0.4623190 0.5055177 0.4553878 0.4937182 0.4418927 0.4425805 0.4668764 0.4798824 1.1015322 0.6747657 0.6378452 0.3072412 0.0000000 0.6411120 0.5527678 0.5916427 0.5802319 0.6597365 0.4797735 0.5591676 0.6494857 0.5490505 0.5226700 0.4591531 0.6371442 0.5548491 0.5067742 0.5207824 0.5855316 
Fusitriton_oregonensis       0.9257061 0.7878818 0.7629514 0.7540186 0.6968969 0.7802359 0.6665511 0.6234294 0.6486524 0.7058114 0.6722559 0.4408932 0.5834813 0.6292004 0.6459661 0.6570488 0.4855700 0.6426707 0.5947339 0.5693675 0.5919134 0.5958512 0.7310016 0.5575019 0.4617193 0.5448708 0.6947235 0.5611644 0.5777624 0.5353881 0.5197253 0.5518136 0.4895216 0.4956522 0.4764903 0.4611402 0.4928684 0.5153198 0.5029413 0.5230022 0.4905652 0.5641265 0.5444220 1.0911882 0.6623255 0.5987522 0.6987214 0.6411120 0.0000000 0.6529694 0.7348444 0.6460647 0.6791033 0.6276254 0.4984478 0.6658906 0.6205819 0.6402294 0.5595449 0.5831447 0.5790689 0.5543031 0.5862065 0.6035584 
Melongena_patula             1.1045502 0.7398663 0.8063787 0.7498856 0.8014541 0.7106165 0.7852275 0.6152835 0.6330783 0.8063929 0.7870130 0.6944838 0.8202994 0.6443452 0.6935564 0.6753845 0.8043549 0.6514341 0.5995868 0.6365988 0.6792085 0.6447778 0.5525542 0.5198123 0.5184825 0.4967799 0.6169040 0.5043401 0.5408602 0.4906599 0.4522141 0.4152464 0.4282204 0.4358743 0.3942834 0.3848478 0.4472151 0.4341463 0.4483939 0.3747016 0.3844403 0.3997922 0.3938035 1.1211915 0.5617450 0.6074202 0.6353931 0.5527678 0.6529694 0.0000000 0.4080492 0.3127364 0.6657344 0.5935492 0.5139309 0.5878805 0.5144786 0.4096821 0.5347883 0.5617704 0.5225704 0.5105549 0.4877431 0.5459839 
Hemifusus_tuba               1.0875192 0.7516537 0.7380982 0.6643644 0.6834674 0.7147005 0.6941646 0.5655906 0.7024841 0.7725766 0.7200684 0.6562249 0.7302557 0.6537940 0.6661426 0.7096244 0.7217138 0.6369803 0.6154828 0.5968640 0.6546250 0.6124494 0.5604017 0.5243690 0.5589509 0.5592960 0.5475218 0.5657881 0.5084354 0.5463304 0.4683626 0.4527773 0.4084657 0.4084110 0.4070376 0.3839938 0.4317229 0.3764249 0.4162995 0.3848407 0.3801980 0.4044170 0.4123609 1.0443535 0.6427784 0.5575950 0.6479548 0.5916427 0.7348444 0.4080492 0.0000000 0.2782585 0.5884227 0.6036544 0.5136475 0.5450992 0.5278414 0.4437160 0.5104772 0.5239823 0.4564265 0.4703994 0.4350554 0.5258603 
Volema_myristica             1.0470913 0.6691286 0.7848204 0.6558664 0.6621051 0.7359365 0.6532333 0.5749064 0.6042774 0.8560474 0.7598070 0.6643195 0.7349870 0.6793817 0.7342922 0.7074980 0.7225629 0.6641434 0.5882602 0.6271758 0.6138868 0.6459646 0.5329879 0.5455792 0.5579018 0.5224685 0.6355812 0.5961842 0.5577087 0.4708787 0.4792186 0.4195055 0.4014543 0.4047576 0.4029510 0.3893034 0.4385569 0.4170576 0.4314082 0.3948589 0.4004472 0.4184970 0.4418947 1.0735376 0.6209333 0.6005895 0.5988596 0.5802319 0.6460647 0.3127364 0.2782585 0.0000000 0.5839722 0.6138215 0.4514068 0.5691283 0.5032282 0.4672779 0.4953433 0.5279165 0.4906305 0.5099163 0.5075046 0.5355844 
Mitrella_bicincta            1.0900215 0.8080600 0.7113399 0.6477583 0.7838919 0.8821477 0.7670560 0.7324210 0.6740275 0.7262312 0.7786909 0.6470001 0.6938440 0.6439404 0.6289068 0.6209411 0.7500383 0.6937132 0.6152423 0.6188414 0.6872403 0.6546112 0.6539892 0.5633509 0.5412627 0.5489890 0.5611394 0.5978206 0.5032650 0.5727302 0.5637190 0.4232106 0.4851586 0.4871281 0.4629412 0.4477562 0.4744997 0.4495748 0.4458287 0.4138272 0.4108802 0.4672413 0.4697482 1.0354872 0.7594842 0.6654228 0.6929729 0.6597365 0.6791033 0.6657344 0.5884227 0.5839722 0.0000000 0.7121324 0.5536605 0.5322778 0.5770327 0.5194875 0.5731336 0.6283067 0.6279888 0.5799082 0.5784854 0.6102077 
Comitas_kaderlyi             1.0419865 0.8259758 0.7319904 0.7038472 0.6427079 0.7196720 0.7229752 0.6670782 0.7186424 0.7849266 0.6503570 0.5753933 0.6719479 0.5467126 0.5931480 0.6300672 0.6980343 0.4836508 0.5303836 0.5549272 0.6853283 0.6056563 0.5753283 0.5945120 0.5701596 0.5383143 0.5965529 0.3857247 0.5117084 0.4986516 0.5664282 0.4917575 0.4770275 0.4879968 0.4605316 0.4512133 0.5230637 0.4441234 0.4468975 0.4629702 0.4465571 0.4456494 0.4567263 1.1488736 0.6478529 0.6338146 0.5762460 0.4797735 0.6276254 0.5935492 0.6036544 0.6138215 0.7121324 0.0000000 0.5462437 0.5757236 0.5064526 0.4657427 0.5222200 0.5637187 0.5661595 0.5277813 0.5547306 0.5920072 
Metula_amosi                 0.9515004 0.6874866 0.7487340 0.7162431 0.6662613 0.7036149 0.6698159 0.5586664 0.6555093 0.7031043 0.6332683 0.4893605 0.5659251 0.5892426 0.5508565 0.5585144 0.5566647 0.5506701 0.4959141 0.5000627 0.6031545 0.5854103 0.5270947 0.4787159 0.4100944 0.4552875 0.4657841 0.4691997 0.3732471 0.3921637 0.4331978 0.3339672 0.3417160 0.3381386 0.3311175 0.3145938 0.3555138 0.3242763 0.3422833 0.3186339 0.3237536 0.3253250 0.3447499 0.9070119 0.6149917 0.5281201 0.6327062 0.5591676 0.4984478 0.5139309 0.5136475 0.4514068 0.5536605 0.5462437 0.0000000 0.3271247 0.2522943 0.4798393 0.4816314 0.4618051 0.4406583 0.4301439 0.4211922 0.4439857 
Colubraria_nitidula          0.9492109 0.7748890 0.7427301 0.6822994 0.7835780 0.8468814 0.6535781 0.6442024 0.6850146 0.9082256 0.6621260 0.6195745 0.5963254 0.6676288 0.6301381 0.6624655 0.6815884 0.5553221 0.5424850 0.5230332 0.5763637 0.5802303 0.6176851 0.5382957 0.5141530 0.5341261 0.5260234 0.4751021 0.4759226 0.5108413 0.4569056 0.3776029 0.3974776 0.3941282 0.3683536 0.3605034 0.4088121 0.3858392 0.3821521 0.3786797 0.3729566 0.3824885 0.3896001 0.9844819 0.6710060 0.6147184 0.6916093 0.6494857 0.6658906 0.5878805 0.5450992 0.5691283 0.5322778 0.5757236 0.3271247 0.0000000 0.1797325 0.5027697 0.5447179 0.5165942 0.4465450 0.4081243 0.4328647 0.4618138 
Colubraria_obscura           0.9295280 0.6844329 0.6869125 0.6416370 0.6471157 0.7556628 0.6818552 0.6332870 0.5922139 0.7264198 0.6190074 0.5423651 0.5639111 0.5976504 0.5678439 0.6159869 0.6724528 0.5172176 0.5124502 0.5071137 0.6152420 0.5454168 0.5054845 0.4629438 0.4597296 0.4798575 0.4860200 0.4376133 0.3998717 0.4117029 0.4369281 0.3528017 0.3629417 0.3555430 0.3314242 0.3226625 0.4081600 0.3125627 0.3530631 0.3281667 0.3241236 0.3359744 0.3326282 0.9095713 0.6223032 0.5567219 0.6113303 0.5490505 0.6205819 0.5144786 0.5278414 0.5032282 0.5770327 0.5064526 0.2522943 0.1797325 0.0000000 0.4540405 0.4773508 0.4389015 0.4315066 0.4252983 0.4389174 0.4084664 
Latiromitra_sp.              0.9714588 0.7160704 0.6231367 0.6362014 0.5664867 0.6289834 0.6179733 0.5719730 0.4728318 0.6695248 0.5867117 0.5264034 0.6197360 0.5411066 0.5608837 0.6146935 0.6695746 0.4443608 0.4677395 0.4577591 0.5798223 0.5070538 0.4344483 0.4450090 0.4914424 0.4700639 0.4863081 0.4264642 0.3949412 0.3776156 0.4066219 0.3325418 0.3034862 0.3163212 0.3228414 0.3210923 0.3178455 0.3110537 0.3077278 0.3093687 0.2968361 0.3084428 0.3159531 0.9603260 0.4301134 0.4414618 0.5772896 0.5226700 0.6402294 0.4096821 0.4437160 0.4672779 0.5194875 0.4657427 0.4798393 0.5027697 0.4540405 0.0000000 0.4288754 0.4698748 0.4153985 0.3984112 0.4188070 0.4533772 
Nucella_lapillus             0.9538703 0.6045512 0.6054989 0.6778813 0.5810616 0.6921068 0.5544583 0.4949433 0.4924902 0.6039908 0.6443650 0.4991311 0.5713490 0.5079520 0.5260409 0.6195989 0.5825888 0.6096077 0.5153240 0.5150079 0.4489112 0.3921975 0.5336675 0.4750690 0.4735086 0.4600680 0.4698260 0.4713965 0.4084952 0.4614776 0.3858305 0.3921979 0.3398284 0.3326287 0.3355552 0.3336828 0.4266541 0.3697626 0.3744968 0.3601034 0.3621917 0.3782124 0.3834243 1.0823834 0.5708546 0.6170902 0.4772580 0.4591531 0.5595449 0.5347883 0.5104772 0.4953433 0.5731336 0.5222200 0.4816314 0.5447179 0.4773508 0.4288754 0.0000000 0.5576355 0.4783706 0.4309646 0.4460191 0.4694824 
