36
_protein_histone_H3_          0.0000000 0.4749269 0.0000010 0.1055792 0.0000010 1.7710409 0.4410183 0.7385752 0.5723908 0.4082391 0.4258138 1.1836029 1.1836029 0.5152735 1.2009933 0.7687665 1.4285076 1.2643849 1.6233067 1.1969368 1.6553855 8.9999990 3.9991058 5.4545300 5.4545300 2.5949755 3.5317957 2.1471764 2.3793325 1.2173560 1.3122390 2.8847092 1.4938045 1.8666223 1.9835100 1.8803200 
_protein_histone_H3_.1        0.4749269 0.0000000 0.0602364 0.4747973 0.2442852 2.5453805 0.8071383 1.2531017 1.0276825 0.7800869 0.7928747 1.7849503 1.7849503 0.9093460 1.9712177 1.3007081 1.9330656 1.7269816 2.4076195 1.6395035 2.0643196 8.9999985 5.5289680 4.7204535 4.7204535 3.0567174 4.8086916 2.3822115 2.1570025 1.9084359 1.6630772 2.9843279 3.1456091 2.7342337 2.6389908 2.4601071 
_protein_histone_H3_.2        0.0000010 0.0602364 0.0000000 0.0429945 0.0000010 1.4584688 0.2006478 0.4924398 0.3225284 0.2504263 0.2810701 0.9122132 0.9122132 0.2865723 0.8868027 0.5203075 1.0272014 0.8937914 1.2211364 0.8454515 1.1191106 6.7322590 3.2984650 4.2996321 4.2996321 2.0343447 3.0841003 1.5921058 1.7958152 0.9344939 1.0307702 2.3123830 1.5609119 1.5076401 1.6165737 1.5683206 
_protein_histone_H3_.3        0.1055792 0.4747973 0.0429945 0.0000000 0.0418599 2.4320716 0.6307509 1.0085443 0.8093869 0.6969239 0.7094490 1.6477218 1.6477218 0.7200058 1.6173350 0.8747661 1.9606324 1.7492937 1.6133177 1.6594829 1.8447688 7.0775359 4.3433019 5.1184366 5.1184366 3.4129667 4.1168400 2.6799422 2.9412308 1.4612891 1.5440227 3.7572351 1.7646016 2.5436142 2.6528508 2.5384968 
_protein_histone_H3_.4        0.0000010 0.2442852 0.0000010 0.0418599 0.0000000 1.5131407 0.2825108 0.5657709 0.4019446 0.2421423 0.2732041 0.9558845 0.9558845 0.3602884 0.9730141 0.5934665 1.1729379 1.0263048 1.3952506 0.9697037 1.2703277 7.3916081 3.6574790 4.3176421 4.3176421 2.0902426 3.1247946 1.6463837 1.8499478 1.1237910 1.0801216 2.3639922 1.4624121 1.5604530 1.6699625 1.6219271 
_gene_H3___protein_histone    1.7710409 2.5453805 1.4584688 2.4320716 1.5131407 0.0000000 1.7950340 2.4435496 1.9566288 1.7962276 1.5910766 1.8160103 1.8160103 1.5523506 2.3090153 1.8834063 1.7326030 1.5291409 0.6248543 0.6600381 1.4363197 8.7952745 3.6839233 5.1899272 5.1899272 1.1310425 1.3854704 1.8151832 1.6166392 2.4570004 1.8623680 2.4934870 3.1477006 1.9248447 0.9235557 1.0083302 
_protein_histone_H3_.5        0.4410183 0.8071383 0.2006478 0.6307509 0.2825108 1.7950340 0.0000000 0.0441904 0.0227509 0.0231834 0.0527752 0.6510643 0.6510643 0.0232254 0.4928341 0.3078063 0.8901718 0.7722163 0.9599641 0.9002014 1.0575833 6.3800415 3.6333319 4.4086131 4.4086131 2.7196893 2.0929047 2.0996584 1.8878662 1.2493515 1.2129211 2.4255991 2.1314240 1.1931218 1.4377117 1.5179743 
_protein_histone_H3_.6        0.7385752 1.2531017 0.4924398 1.0085443 0.5657709 2.4435496 0.0441904 0.0000000 0.0123984 0.0471482 0.1264689 0.6931808 0.6931808 0.1354823 0.5773245 0.5705123 1.1083176 0.9741044 1.1747077 1.1148239 1.2977435 7.6753956 4.2055302 4.8572511 4.8572511 2.8017859 2.1657051 2.7961223 2.5380875 1.2970761 1.6699147 3.1479267 2.7975402 1.6068545 1.6847537 2.0267519 
_protein_histone_H3_.7        0.5723908 1.0276825 0.3225284 0.8093869 0.4019446 1.9566288 0.0227509 0.0123984 0.0000000 0.0234472 0.0960664 0.6318756 0.6318756 0.0662540 0.5173635 0.5113004 0.8179927 0.6989109 0.7749602 0.9134163 1.1397627 7.1213984 3.4703231 3.8152701 3.8152701 2.1156795 1.8749685 2.6004680 2.3453527 1.3532784 1.4177237 2.6787134 2.5316983 1.2977481 1.7792706 1.6606443 
_protein_histone_H3_.8        0.4082391 0.7800869 0.2504263 0.6969239 0.2421423 1.7962276 0.0231834 0.0471482 0.0234472 0.0000000 0.0226580 0.2986267 0.2986267 0.0232106 0.3700117 0.3499374 0.7409112 0.6267209 0.6696955 0.7559338 0.9011087 5.5966818 3.2156975 3.4120945 3.4120945 2.1612442 1.8616022 2.1099247 1.8918796 1.0828938 1.0321926 2.1764107 1.7639609 0.9215204 1.4279851 1.3262066 
_protein_histone_H3_.9        0.4258138 0.7928747 0.2810701 0.7094490 0.2732041 1.5910766 0.0527752 0.1264689 0.0960664 0.0226580 0.0000000 0.0882838 0.0882838 0.0525650 0.3026749 0.2629785 0.5682298 0.4675059 0.4348054 0.6596052 0.7073058 4.9158998 2.4866857 3.0465061 3.0465061 1.6772960 1.4607721 1.5939366 1.4118293 0.8716573 0.9702770 1.6970870 1.5815229 0.8416511 1.0149927 1.0759346 
_protein_histone_H3_.10       1.1836029 1.7849503 0.9122132 1.6477218 0.9558845 1.8160103 0.6510643 0.6931808 0.6318756 0.2986267 0.0882838 0.0000000 0.0000010 0.6398958 0.9691192 0.8470256 1.1218976 0.9847586 0.7040349 0.7865682 0.8438726 6.9733967 3.8285110 4.2868739 4.2868739 2.5631422 2.1688927 2.6711190 2.4220505 1.9278632 1.9228779 2.7837577 2.3129106 1.4839747 1.9042147 1.9701545 
_protein_histone_H3_.11       1.1836029 1.7849503 0.9122132 1.6477218 0.9558845 1.8160103 0.6510643 0.6931808 0.6318756 0.2986267 0.0882838 0.0000010 0.0000000 0.6398958 0.9691192 0.8470256 1.1218976 0.9847586 0.7040349 0.7865682 0.8438726 6.9733967 3.8285110 4.2868739 4.2868739 2.5631422 2.1688927 2.6711190 2.4220505 1.9278632 1.9228779 2.7837577 2.3129106 1.4839747 1.9042147 1.9701545 
_protein_histone_H3_.12       0.5152735 0.9093460 0.2865723 0.7200058 0.3602884 1.5523506 0.0232254 0.1354823 0.0662540 0.0232106 0.0525650 0.6398958 0.6398958 0.0000000 0.3194494 0.3753757 0.6470789 0.5445851 0.5727424 0.6650597 0.7897199 5.0828591 2.9138890 3.5298110 3.5298110 2.1178114 1.6165697 1.8319532 1.6415863 0.9514209 0.8947108 1.8943638 2.0901606 0.8997708 1.2476695 1.1567816 
_protein_histone_H3_.13       1.2009933 1.9712177 0.8868027 1.6173350 0.9730141 2.3090153 0.4928341 0.5773245 0.5173635 0.3700117 0.3026749 0.9691192 0.9691192 0.3194494 0.0000000 0.6167912 1.0789411 0.9388002 0.6810032 1.2934687 1.2766764 5.6379480 3.2247004 4.4581316 4.4581316 2.3839496 1.9309740 2.0324297 1.8237669 1.7224589 1.2599691 1.9744671 2.8866860 1.7603333 1.7504553 1.3939592 
_protein_histone_H3_.14       0.7687665 1.3007081 0.5203075 0.8747661 0.5934665 1.8834063 0.3078063 0.5705123 0.5113004 0.3499374 0.2629785 0.8470256 0.8470256 0.3753757 0.6167912 0.0000000 1.1524691 1.0105848 1.2508969 1.2704505 1.0465522 5.0100076 3.1450473 5.3155281 5.3155281 3.1575541 1.9671404 1.7152314 1.5282753 1.4686093 1.7382686 2.6256445 3.1408837 1.9387229 1.2829445 1.8259055 
_gene_H3___protein_histone.1  1.4285076 1.9330656 1.0272014 1.9606324 1.1729379 1.7326030 0.8901718 1.1083176 0.8179927 0.7409112 0.5682298 1.1218976 1.1218976 0.6470789 1.0789411 1.1524691 0.0000000 0.0101436 0.9351013 0.7458178 0.6531785 5.1240601 2.7143529 3.8873704 3.8873704 2.1709004 1.5319149 1.4550895 1.2886233 1.5550669 0.8994597 1.8672561 3.1786669 1.1982129 1.7733445 1.8448215 
_gene_H3___protein_histone.2  1.2643849 1.7269816 0.8937914 1.7492937 1.0263048 1.5291409 0.7722163 0.9741044 0.6989109 0.6267209 0.4675059 0.9847586 0.9847586 0.5445851 0.9388002 1.0105848 0.0101436 0.0000000 0.7481476 0.6432772 0.5519992 4.6934736 2.4443776 3.5458386 3.5458386 1.9323920 1.4732538 1.2806708 1.1273288 1.3863924 0.7589372 1.6561175 2.8731016 1.0518444 1.5747586 1.6336647 
_protein_histone_H3_.15       1.6233067 2.4076195 1.2211364 1.6133177 1.3952506 0.6248543 0.9599641 1.1747077 0.7749602 0.6696955 0.4348054 0.7040349 0.7040349 0.5727424 0.6810032 1.2508969 0.9351013 0.7481476 0.0000000 1.1683394 1.0879671 2.4501729 1.1802076 5.8574678 5.8574678 1.1571081 1.0103604 0.8865113 0.8865113 1.2023922 1.0527716 1.3609266 2.9741381 1.2348220 0.8854881 0.5548602 
_gene_H3___protein_histone.3  1.1969368 1.6395035 0.8454515 1.6594829 0.9697037 0.6600381 0.9002014 1.1148239 0.9134163 0.7559338 0.6596052 0.7865682 0.7865682 0.6650597 1.2934687 1.2704505 0.7458178 0.6432772 1.1683394 0.0000000 0.4883067 6.8349984 3.1180034 4.1509731 4.1509731 1.3879330 1.6269879 2.3634477 2.1316208 1.6884512 1.5373800 2.7223417 2.3823473 1.3086132 1.5254282 1.5717252 
_gene_H3___protein_histone.4  1.6553855 2.0643196 1.1191106 1.8447688 1.2703277 1.4363197 1.0575833 1.2977435 1.1397627 0.9011087 0.7073058 0.8438726 0.8438726 0.7897199 1.2766764 1.0465522 0.6531785 0.5519992 1.0879671 0.4883067 0.0000000 6.4024373 3.9776555 4.6704928 4.6704928 2.2592422 1.1620287 2.3001403 2.0761677 1.4282999 1.5955232 2.4865266 2.9072324 1.6551040 1.9135566 1.6945112 
_protein_histone_H3_.16       8.9999990 8.9999985 6.7322590 7.0775359 7.3916081 8.7952745 6.3800415 7.6753956 7.1213984 5.5966818 4.9158998 6.9733967 6.9733967 5.0828591 5.6379480 5.0100076 5.1240601 4.6934736 2.4501729 6.8349984 6.4024373 0.0000000 0.5598354 5.5890832 5.5890832 5.7391778 7.5504115 6.3427529 7.0414706 6.0288633 6.6115066 8.9999983 8.9999990 7.3007844 7.1707340 5.2673542 
_protein_histone_H3_.17       3.9991058 5.5289680 3.2984650 4.3433019 3.6574790 3.6839233 3.6333319 4.2055302 3.4703231 3.2156975 2.4866857 3.8285110 3.8285110 2.9138890 3.2247004 3.1450473 2.7143529 2.4443776 1.1802076 3.1180034 3.9776555 0.5598354 0.0000000 5.0842613 5.0842613 2.7577000 4.2774583 3.2844435 3.5779955 4.0107344 3.3690869 4.3429966 5.9215109 4.3315374 3.7337648 3.2147841 
_protein_histone_H3_.18       5.4545300 4.7204535 4.2996321 5.1184366 4.3176421 5.1899272 4.4086131 4.8572511 3.8152701 3.4120945 3.0465061 4.2868739 4.2868739 3.5298110 4.4581316 5.3155281 3.8873704 3.5458386 5.8574678 4.1509731 4.6704928 5.5890832 5.0842613 0.0000000 0.0000010 3.5685292 4.2548261 6.4802835 5.8436663 5.7927523 4.0907981 4.5396530 3.9110869 3.2005640 4.0576537 3.3056440 
_protein_histone_H3_.19       5.4545300 4.7204535 4.2996321 5.1184366 4.3176421 5.1899272 4.4086131 4.8572511 3.8152701 3.4120945 3.0465061 4.2868739 4.2868739 3.5298110 4.4581316 5.3155281 3.8873704 3.5458386 5.8574678 4.1509731 4.6704928 5.5890832 5.0842613 0.0000010 0.0000000 3.5685292 4.2548261 6.4802835 5.8436663 5.7927523 4.0907981 4.5396530 3.9110869 3.2005640 4.0576537 3.3056440 
_gene_H3___protein_histone.5  2.5949755 3.0567174 2.0343447 3.4129667 2.0902426 1.1310425 2.7196893 2.8017859 2.1156795 2.1612442 1.6772960 2.5631422 2.5631422 2.1178114 2.3839496 3.1575541 2.1709004 1.9323920 1.1571081 1.3879330 2.2592422 5.7391778 2.7577000 3.5685292 3.5685292 0.0000000 2.0004206 2.9667442 2.6920945 2.7997909 2.4979254 3.3852149 4.2852856 2.1704120 2.8181454 1.7913297 
_gene_H3___protein_histone.6  3.5317957 4.8086916 3.0841003 4.1168400 3.1247946 1.3854704 2.0929047 2.1657051 1.8749685 1.8616022 1.4607721 2.1688927 2.1688927 1.6165697 1.9309740 1.9671404 1.5319149 1.4732538 1.0103604 1.6269879 1.1620287 7.5504115 4.2774583 4.2548261 4.2548261 2.0004206 0.0000000 2.1982166 1.9759862 1.8757869 2.5461844 3.5930501 3.0971742 2.3120023 1.4964024 1.5077459 
_protein_histone_H3_.20       2.1471764 2.3822115 1.5921058 2.6799422 1.6463837 1.8151832 2.0996584 2.7961223 2.6004680 2.1099247 1.5939366 2.6711190 2.6711190 1.8319532 2.0324297 1.7152314 1.4550895 1.2806708 0.8865113 2.3634477 2.3001403 6.3427529 3.2844435 6.4802835 6.4802835 2.9667442 2.1982166 0.0000000 0.0104660 1.6765569 1.6704004 2.4109418 6.0149905 3.5369540 1.2360847 1.2639044 
_gene_H3___protein_histone.7  2.3793325 2.1570025 1.7958152 2.9412308 1.8499478 1.6166392 1.8878662 2.5380875 2.3453527 1.8918796 1.4118293 2.4220505 2.4220505 1.6415863 1.8237669 1.5282753 1.2886233 1.1273288 0.8865113 2.1316208 2.0761677 7.0414706 3.5779955 5.8436663 5.8436663 2.6920945 1.9759862 0.0104660 0.0000000 1.8683404 1.6704004 2.1744723 6.1703114 3.1995819 1.0895433 1.1125207 
_gene_H3___protein_histone.8  1.2173560 1.9084359 0.9344939 1.4612891 1.1237910 2.4570004 1.2493515 1.2970761 1.3532784 1.0828938 0.8716573 1.9278632 1.9278632 0.9514209 1.7224589 1.4686093 1.5550669 1.3863924 1.2023922 1.6884512 1.4282999 6.0288633 4.0107344 5.7927523 5.7927523 2.7997909 1.8757869 1.6765569 1.8683404 0.0000000 1.5664560 2.3747765 3.3689321 2.5983502 1.3486604 1.2767094 
_gene_H3___protein_histone.9  1.3122390 1.6630772 1.0307702 1.5440227 1.0801216 1.8623680 1.2129211 1.6699147 1.4177237 1.0321926 0.9702770 1.9228779 1.9228779 0.8947108 1.2599691 1.7382686 0.8994597 0.7589372 1.0527716 1.5373800 1.5955232 6.6115066 3.3690869 4.0907981 4.0907981 2.4979254 2.5461844 1.6704004 1.6704004 1.5664560 0.0000000 0.2440880 2.3668259 1.3996237 1.4691817 0.9635697 
_gene_H3___protein_histone.10 2.8847092 2.9843279 2.3123830 3.7572351 2.3639922 2.4934870 2.4255991 3.1479267 2.6787134 2.1764107 1.6970870 2.7837577 2.7837577 1.8943638 1.9744671 2.6256445 1.8672561 1.6561175 1.3609266 2.7223417 2.4865266 8.9999983 4.3429966 4.5396530 4.5396530 3.3852149 3.5930501 2.4109418 2.1744723 2.3747765 0.2440880 0.0000000 3.6611250 2.2711765 1.2981432 0.9981469 
_gene_H3___protein_histone.11 1.4938045 3.1456091 1.5609119 1.7646016 1.4624121 3.1477006 2.1314240 2.7975402 2.5316983 1.7639609 1.5815229 2.3129106 2.3129106 2.0901606 2.8866860 3.1408837 3.1786669 2.8731016 2.9741381 2.3823473 2.9072324 8.9999990 5.9215109 3.9110869 3.9110869 4.2852856 3.0971742 6.0149905 6.1703114 3.3689321 2.3668259 3.6611250 0.0000000 1.6164629 3.5204752 2.5081009 
_gene_H3___protein_histone.12 1.8666223 2.7342337 1.5076401 2.5436142 1.5604530 1.9248447 1.1931218 1.6068545 1.2977481 0.9215204 0.8416511 1.4839747 1.4839747 0.8997708 1.7603333 1.9387229 1.1982129 1.0518444 1.2348220 1.3086132 1.6551040 7.3007844 4.3315374 3.2005640 3.2005640 2.1704120 2.3120023 3.5369540 3.1995819 2.5983502 1.3996237 2.2711765 1.6164629 0.0000000 1.8253086 1.8464605 
_protein_histone_H3_.21       1.9835100 2.6389908 1.6165737 2.6528508 1.6699625 0.9235557 1.4377117 1.6847537 1.7792706 1.4279851 1.0149927 1.9042147 1.9042147 1.2476695 1.7504553 1.2829445 1.7733445 1.5747586 0.8854881 1.5254282 1.9135566 7.1707340 3.7337648 4.0576537 4.0576537 2.8181454 1.4964024 1.2360847 1.0895433 1.3486604 1.4691817 1.2981432 3.5204752 1.8253086 0.0000000 0.3675471 
_gene_H3___protein_histone.13 1.8803200 2.4601071 1.5683206 2.5384968 1.6219271 1.0083302 1.5179743 2.0267519 1.6606443 1.3262066 1.0759346 1.9701545 1.9701545 1.1567816 1.3939592 1.8259055 1.8448215 1.6336647 0.5548602 1.5717252 1.6945112 5.2673542 3.2147841 3.3056440 3.3056440 1.7913297 1.5077459 1.2639044 1.1125207 1.2767094 0.9635697 0.9981469 2.5081009 1.8464605 0.3675471 0.0000000 
