49
Peristernia_reincarnata 0.0000000 0.5043650 0.5520951 0.4952551 1.3042817 6.7436353 4.4588547 4.5069466 5.3588996 5.6899021 6.1595525 6.0484013 4.9564306 4.4090392 5.4788569 2.2484854 2.1785462 8.9999990 7.6427546 5.5222765 8.3237990 8.9999982 6.3912276 5.9643538 5.7849513 7.4718118 8.9999987 8.9999981 8.9999981 5.2842928 7.3619811 7.7770656 7.8643655 7.4387562 8.9999990 8.9999984 8.5812596 8.6582214 8.4084758 8.9999990 8.9999982 5.7475346 8.5074015 6.6558610 8.1664216 5.8775579 5.2842928 5.0763762 3.7505524 
Peristernia_gemmata     0.5043650 0.0000000 0.3516209 0.1987245 0.8770996 6.7545815 5.8579637 6.2758739 6.0814793 5.1858783 6.9983934 6.2117210 5.2655855 5.6049946 5.7388881 2.4610269 3.0592263 8.9999985 8.8482068 7.3369490 8.9999981 8.0062537 5.7079949 4.7986272 5.5360247 5.3969178 8.9999989 8.9999983 8.9999990 6.4563982 8.9999990 7.7610702 8.9999983 7.4465403 8.9999984 8.9999989 7.7761177 8.6379923 8.4326737 8.9999983 8.9999983 5.1232377 6.8342743 5.9485720 6.6101142 5.5917224 6.4563982 6.3020545 3.3457282 
Peristernia_nassatula   0.5520951 0.3516209 0.0000000 0.0977596 1.2365677 5.4926045 5.1651434 5.2531854 6.1956611 6.0034743 6.8894760 6.0925679 5.2745598 4.8466066 5.7589400 2.3752139 2.9158605 8.9999989 8.7404369 6.0971690 8.7386161 8.1937881 6.1285728 5.6645390 6.5005880 6.7149174 8.9999986 8.9999983 8.9999983 5.9497427 8.6432372 7.6745647 8.5197092 7.4240835 8.9999982 8.9999985 7.7030434 8.5325272 8.4266757 8.9999983 8.9999986 5.2183665 6.9956596 6.2699502 7.3285360 6.0737732 5.9497427 5.8568802 4.0983720 
Peristernia_forskalii   0.4952551 0.1987245 0.0977596 0.0000000 1.0845807 6.1905035 4.9907057 5.4423913 6.4256336 6.3753635 7.5909147 6.5716330 5.5186928 5.5032817 6.3503385 2.4734707 2.8092960 8.9999981 8.9639394 7.1752880 8.9999980 8.9582184 6.9187692 6.2329142 6.7901612 7.0769045 8.8197679 8.9999989 8.9999983 6.6795931 8.9999989 7.9457764 8.8527190 7.5354750 8.9999987 8.9999986 7.4649264 8.9999982 8.9999984 8.9999990 8.9999986 5.7178825 8.0139638 6.9184653 7.6605845 6.6179599 6.6795931 6.4152324 3.6066893 
Peristernia_marquesana  1.3042817 0.8770996 1.2365677 1.0845807 0.0000000 6.7880790 4.6822935 5.8829547 6.1887296 6.5281125 7.1022545 6.3360648 4.0367422 4.3221509 6.6937060 3.5929036 4.2722692 8.9999982 8.5638757 8.9999985 8.9999986 8.9999984 7.5814970 6.5001874 7.0985431 6.1330235 8.9999981 8.9999981 8.5637178 6.0106417 8.9692721 8.9433983 8.9999986 8.4767270 8.7661574 8.1425139 5.8564980 7.2174030 8.1257477 8.9999990 8.9999984 6.2726395 6.5124602 4.3033319 7.3767806 4.7197503 6.0106417 6.5770563 3.7343336 
Penion_chathamensis     6.7436353 6.7545815 5.4926045 6.1905035 6.7880790 0.0000000 4.7946749 6.0284286 5.1541924 1.9685671 6.7809112 4.7800652 3.6061965 4.8429377 7.0908972 2.9400847 4.1909020 8.9999988 5.0335526 4.3260448 7.8867358 4.8369412 3.5306275 4.5265583 4.4285141 3.3823044 8.9999981 6.7160879 8.9999982 4.2731361 8.9999987 7.5673607 5.7792762 8.9999985 8.9999990 5.4970960 7.9777068 8.9999981 8.9999984 8.9999990 8.9999981 6.5080166 5.6489781 5.7643739 3.5668518 5.7545697 4.2731361 3.4343068 1.1484101 
Triplofusus_giganteus   4.4588547 5.8579637 5.1651434 4.9907057 4.6822935 4.7946749 0.0000000 2.1434193 1.4757340 3.1676043 1.4407895 4.2197447 3.1553495 2.9617452 3.6186268 2.3137923 1.9703850 8.9999989 6.3422944 6.3023566 7.3327163 8.2254090 4.7813255 4.7727458 4.0890682 3.6735671 8.9999983 7.6823358 8.3869314 4.0726960 7.1509469 8.2719364 8.9999986 8.4509110 8.9999989 6.5665418 6.6872853 7.8182689 8.7875328 8.9999985 8.9999983 5.1714085 3.1339394 3.8148090 4.4141115 3.5447105 4.0726960 3.0063634 3.2903951 
Cinctura_hunteria       4.5069466 6.2758739 5.2531854 5.4423913 5.8829547 6.0284286 2.1434193 0.0000000 0.9518402 2.9849387 1.1352716 4.0761292 4.0786639 3.6511932 2.2032793 2.7781891 2.0439984 6.5769168 4.4948468 8.3989967 8.9999981 8.9999983 5.9099765 4.7983589 2.3155014 3.7601065 8.9999986 6.1985738 7.4033177 5.9694277 4.8955748 7.0165744 7.2136570 8.9999990 7.1327577 7.6078597 3.7453136 5.1051092 4.9406632 8.9999987 8.9999981 6.6274670 6.9909521 7.0417542 5.4178296 4.3142327 5.9694277 3.6182293 5.3125247 
Fasciolaria_bullisi     5.3588996 6.0814793 6.1956611 6.4256336 6.1887296 5.1541924 1.4757340 0.9518402 0.0000000 3.1812770 0.3726113 3.1274641 2.8953049 3.7870847 3.1242466 2.3952861 1.9506566 7.3678915 4.0326579 6.0316190 7.0717751 8.1286294 5.0476042 4.4746676 3.0416075 3.8045160 8.9999984 5.8044272 7.9256354 5.4832276 6.6494576 6.7438631 7.5029684 8.9999980 6.5122966 6.7775925 6.7099050 6.2602460 5.3327952 8.9999987 7.7821014 5.8549582 4.8009120 6.0739225 6.6294816 4.7208817 5.4832276 3.2754514 5.9501691 
Serratifusus_lineatus   5.6899021 5.1858783 6.0034743 6.3753635 6.5281125 1.9685671 3.1676043 2.9849387 3.1812770 0.0000000 3.3132883 2.0690791 2.2208685 3.1472544 4.0441963 2.7144414 2.7412368 8.9999988 5.8707720 5.2495964 7.5413994 4.9237438 2.1116083 1.4399571 1.8322897 1.7406319 8.9999985 8.9999988 7.4116821 4.4555790 8.9999987 4.0873593 4.2097903 8.9999990 7.4877454 4.8993504 4.6731730 8.0246824 8.1554969 8.9999986 8.9999980 3.2384514 3.3754391 4.0190098 2.9573724 2.7661469 4.4555790 1.9455854 1.3922914 
Fasciolaria_tulipa      6.1595525 6.9983934 6.8894760 7.5909147 7.1022545 6.7809112 1.4407895 1.1352716 0.3726113 3.3132883 0.0000000 3.4841804 3.9132285 3.5418348 3.5196198 2.3196231 2.3463176 7.9037921 5.2609962 6.3354517 8.9999989 8.7784490 6.0752080 4.7694930 3.3347119 3.9735837 8.9999987 8.3420911 8.9999989 5.9785690 8.5421348 8.1080453 8.9470812 8.9999985 7.3198137 7.8261812 7.1967625 7.1256436 5.8723563 8.9999986 8.9999988 6.3967063 5.2731460 6.4824705 8.0418434 4.7701030 5.9785690 3.6292421 5.6042202 
Aristofusus_excavatus   6.0484013 6.2117210 6.0925679 6.5716330 6.3360648 4.7800652 4.2197447 4.0761292 3.1274641 2.0690791 3.4841804 0.0000000 1.0583177 1.2847321 2.5233041 2.0461500 2.6646246 8.9999990 5.8487841 8.3697398 8.8168734 5.1150424 3.2468893 3.0214017 3.0382787 2.7800777 8.9999989 8.0416052 8.9999984 7.8835988 7.4854778 6.9299458 8.9999990 8.1135820 7.2292429 4.8797505 4.0084105 5.4947557 6.2014760 7.8467089 8.9999989 5.6507388 4.2664143 6.3700728 3.7887120 4.3679369 7.8835988 5.4215061 2.7167743 
Fusinus_salisburyi      4.9564306 5.2655855 5.2745598 5.5186928 4.0367422 3.6061965 3.1553495 4.0786639 2.8953049 2.2208685 3.9132285 1.0583177 0.0000000 0.4939126 4.4774924 1.7364385 2.4907928 8.9999981 5.1441861 7.0995562 7.6001640 5.4280636 5.0334946 3.5914119 3.3667641 2.4894433 8.9999987 6.7980646 6.2857524 7.7905136 5.0547346 7.5731755 8.5721966 6.1935178 7.6766414 4.8559316 3.5661161 4.8787905 6.0827861 8.9999988 8.5560585 6.7433448 4.2646562 5.5213787 3.5437740 3.6875927 7.7905136 5.3786490 2.2136583 
Fusinus_forceps         4.4090392 5.6049946 4.8466066 5.5032817 4.3221509 4.8429377 2.9617452 3.6511932 3.7870847 3.1472544 3.5418348 1.2847321 0.4939126 0.0000000 4.2515897 1.7291629 2.0202997 8.9999989 6.0177873 5.8396984 6.7420467 6.0668023 5.7316284 4.3529648 3.4101974 3.3231956 8.9999988 8.5418504 7.4317101 7.8695771 5.1984356 8.9999982 8.4273255 5.0553215 8.5496014 6.3809388 4.6341178 4.8921806 5.4816045 8.1761936 8.6122696 7.2574115 4.1052979 5.5881827 4.8250580 3.4757897 7.8695771 5.4897477 2.4479738 
Hemipolygona_armata     5.4788569 5.7388881 5.7589400 6.3503385 6.6937060 7.0908972 3.6186268 2.2032793 3.1242466 4.0441963 3.5196198 2.5233041 4.4774924 4.2515897 0.0000000 2.5861852 1.8096855 8.9999987 4.5714079 8.9999981 8.9999987 6.7704737 7.0569773 6.2966141 3.7868643 4.1240732 8.9999980 8.9999985 8.9999981 7.5943738 7.6970825 8.9999989 8.9999989 8.1629049 8.4621724 5.7613269 4.9626700 5.0835687 5.6230091 8.9999980 8.9999990 6.8515574 5.7842800 7.9572974 4.8662072 3.8143213 7.5943738 5.8564862 3.8759840 
Leucozonia_nassa        2.2484854 2.4610269 2.3752139 2.4734707 3.5929036 2.9400847 2.3137923 2.7781891 2.3952861 2.7144414 2.3196231 2.0461500 1.7364385 1.7291629 2.5861852 0.0000000 1.0791697 8.9999989 6.0592316 5.6444319 5.9055183 5.5984532 5.1970252 4.2577007 2.7324425 3.6985579 8.9999985 8.9999985 8.9374758 3.5961033 5.2111195 8.9999987 8.1100942 7.3347726 8.9999982 5.6977757 3.5831752 5.1370853 5.3126223 7.4068312 8.2454995 3.4998834 4.2843125 4.9694576 5.2388439 2.9163921 3.5961033 3.1250178 1.8940467 
Leucozonia_ocellata     2.1785462 3.0592263 2.9158605 2.8092960 4.2722692 4.1909020 1.9703850 2.0439984 1.9506566 2.7412368 2.3463176 2.6646246 2.4907928 2.0202997 1.8096855 1.0791697 0.0000000 8.9999981 4.5572258 5.1215715 7.7500817 3.8444517 5.6765530 4.7117379 3.1829269 3.2638648 8.9999988 8.4834929 8.3352383 3.6688047 3.9756701 7.9372554 7.6958912 6.7693092 8.9999990 4.7213401 3.7705145 7.0821526 6.8736800 8.9999989 8.9999988 5.5451382 5.4530996 4.9044817 5.1935664 3.3806071 3.6688047 3.3302445 2.2434053 
Belomitra_caudata       8.9999990 8.9999985 8.9999989 8.9999981 8.9999982 8.9999988 8.9999989 6.5769168 7.3678915 8.9999988 7.9037921 8.9999990 8.9999981 8.9999989 8.9999987 8.9999989 8.9999981 0.0000000 2.2486274 8.9999983 8.9999982 8.9325675 7.8781323 8.9999980 7.6404500 8.9999984 8.9999980 8.9999980 8.9999989 8.9999982 8.9999986 8.9478806 8.9999982 8.9999990 8.9999987 5.8426874 5.5500509 8.9999980 8.9999987 8.9999990 8.9999983 8.9999982 8.9999985 8.9999990 8.9999988 7.1370246 8.9999982 8.9999982 8.9999990 
Belomitra_paschalis     7.6427546 8.8482068 8.7404369 8.9639394 8.5638757 5.0335526 6.3422944 4.4948468 4.0326579 5.8707720 5.2609962 5.8487841 5.1441861 6.0177873 4.5714079 6.0592316 4.5572258 2.2486274 0.0000000 8.4204182 8.9999989 8.8722987 6.1037766 6.1939781 4.2126733 4.1697405 8.9999986 8.6090964 8.6254589 8.8275065 5.6324668 5.3101880 5.1991875 7.9186063 7.7735295 8.1836881 5.3174004 5.5385769 7.9262014 8.9999983 8.9999984 8.9999984 8.9999990 8.9999988 7.1408728 3.3740634 8.8275065 5.6685482 4.3993777 
Buccinastrum_deforme    5.5222765 7.3369490 6.0971690 7.1752880 8.9999985 4.3260448 6.3023566 8.3989967 6.0316190 5.2495964 6.3354517 8.3697398 7.0995562 5.8396984 8.9999981 5.6444319 5.1215715 8.9999983 8.4204182 0.0000000 0.9245894 4.7769289 7.2942752 6.4590661 4.4261615 5.5003526 8.9999988 8.8333944 8.4719805 8.9999989 6.5677591 8.9999981 8.9999985 8.9999984 8.9999983 7.8650406 7.4391754 7.2386650 8.5430397 7.4315639 7.0425672 7.3555167 7.0423144 8.4490766 8.9999988 7.1122733 8.9999989 6.9119245 3.8682622 
Buccinanops_cochlidium  8.3237990 8.9999981 8.7386161 8.9999980 8.9999986 7.8867358 7.3327163 8.9999981 7.0717751 7.5413994 8.9999989 8.8168734 7.6001640 6.7420467 8.9999987 5.9055183 7.7500817 8.9999982 8.9999989 0.9245894 0.0000000 4.0228553 6.3719066 6.4827145 6.5527653 8.9701881 8.9999987 8.9999988 8.9999989 8.9999988 8.0517487 8.9999982 8.9999989 8.9999983 8.9999983 6.9053965 6.6547458 6.3864449 8.9999989 7.0541807 5.9919572 8.9999989 7.7707128 8.9999980 8.9999988 7.0919382 8.9999988 8.7379701 6.1844784 
Buccinum_striatissimum  8.9999982 8.0062537 8.1937881 8.9582184 8.9999984 4.8369412 8.2254090 8.9999983 8.1286294 4.9237438 8.7784490 5.1150424 5.4280636 6.0668023 6.7704737 5.5984532 3.8444517 8.9325675 8.8722987 4.7769289 4.0228553 0.0000000 2.9830225 3.3696813 3.3465026 1.9871555 8.9999989 6.1342552 8.6361591 8.0820980 7.7985453 8.9999986 8.9999987 7.3052247 8.9999989 3.5226653 4.5008237 8.9999983 8.9999982 8.9999989 6.6264698 8.9999981 4.7198543 8.9999989 3.3416856 7.5917826 8.0820980 8.4545348 3.6958322 
Neptunea_arthritica     6.3912276 5.7079949 6.1285728 6.9187692 7.5814970 3.5306275 4.7813255 5.9099765 5.0476042 2.1116083 6.0752080 3.2468893 5.0334946 5.7316284 7.0569773 5.1970252 5.6765530 7.8781323 6.1037766 7.2942752 6.3719066 2.9830225 0.0000000 0.3481762 2.9054745 2.2819591 5.9409193 7.6676110 8.9999989 4.7848622 7.8034991 8.9515733 8.9999985 7.2491173 6.3231961 3.1870184 4.8653706 7.8043172 8.0132748 7.9547107 8.3424355 7.3719104 5.9296919 5.2587472 4.3436604 5.5434372 4.7848622 2.7512682 3.8864423 
Neptunea_polycostata    5.9643538 4.7986272 5.6645390 6.2329142 6.5001874 4.5265583 4.7727458 4.7983589 4.4746676 1.4399571 4.7694930 3.0214017 3.5914119 4.3529648 6.2966141 4.2577007 4.7117379 8.9999980 6.1939781 6.4590661 6.4827145 3.3696813 0.3481762 0.0000000 2.1550285 1.6757869 5.2143989 8.9999986 8.9999988 5.3706458 7.9353311 8.3907415 8.9999983 7.3487068 5.3676879 3.3835290 4.0294332 6.4726840 6.6805132 5.9569784 6.8202576 6.8711392 4.6944062 4.3999833 3.7425542 5.3519741 5.3706458 2.4427939 3.7398246 
Busycon_carica          5.7849513 5.5360247 6.5005880 6.7901612 7.0985431 4.4285141 4.0890682 2.3155014 3.0416075 1.8322897 3.3347119 3.0382787 3.3667641 3.4101974 3.7868643 2.7324425 3.1829269 7.6404500 4.2126733 4.4261615 6.5527653 3.3465026 2.9054745 2.1550285 0.0000000 0.6707015 8.9999986 8.5231679 8.9999988 7.5554054 8.1777052 6.4723281 6.1923336 8.4416655 6.1709764 6.5319278 4.8844137 7.6328600 8.1856737 8.0289181 7.9211731 5.0893161 4.8134240 4.2016483 3.6134397 2.7273174 7.5554054 3.6600953 2.9620436 
Fulguropsis_pyruloides  7.4718118 5.3969178 6.7149174 7.0769045 6.1330235 3.3823044 3.6735671 3.7601065 3.8045160 1.7406319 3.9735837 2.7800777 2.4894433 3.3231956 4.1240732 3.6985579 3.2638648 8.9999984 4.1697405 5.5003526 8.9701881 1.9871555 2.2819591 1.6757869 0.6707015 0.0000000 8.3873927 5.2250491 8.9999983 6.4852283 8.9999987 7.2407352 5.9499712 8.4811980 7.5832862 4.2973064 3.3194296 8.9999987 8.9999988 8.9999989 8.3103762 4.7662089 3.0053661 4.5697385 2.5239532 2.1949834 6.4852283 3.0980247 2.5097742 
Chauvetia_candidissima  8.9999987 8.9999989 8.9999986 8.8197679 8.9999981 8.9999981 8.9999983 8.9999986 8.9999984 8.9999985 8.9999987 8.9999989 8.9999987 8.9999988 8.9999980 8.9999985 8.9999988 8.9999980 8.9999986 8.9999988 8.9999987 8.9999989 5.9409193 5.2143989 8.9999986 8.3873927 0.0000000 8.7248753 8.9999990 8.9999985 7.7574395 8.9999986 8.9999988 8.9999981 8.9999986 6.9842969 6.1867837 8.9999983 8.9999984 3.2447772 5.6249387 8.9999988 8.9999989 8.9999987 8.9999988 8.9999981 8.9999985 8.9999988 8.9999987 
Colus_islandicus        8.9999981 8.9999983 8.9999983 8.9999989 8.9999981 6.7160879 7.6823358 6.1985738 5.8044272 8.9999988 8.3420911 8.0416052 6.7980646 8.5418504 8.9999985 8.9999985 8.4834929 8.9999980 8.6090964 8.8333944 8.9999988 6.1342552 7.6676110 8.9999986 8.5231679 5.2250491 8.7248753 0.0000000 8.9999983 8.9999984 8.9999989 8.9999990 8.9999987 8.9999990 8.9999984 1.8831811 1.8736865 8.9999984 8.9999983 8.9999987 8.9999989 8.9999985 8.9999981 8.9999990 8.9999985 8.9999990 8.9999984 8.9999988 8.9999986 
Colubraria_reticulata   8.9999981 8.9999990 8.9999983 8.9999983 8.5637178 8.9999982 8.3869314 7.4033177 7.9256354 7.4116821 8.9999989 8.9999984 6.2857524 7.4317101 8.9999981 8.9374758 8.3352383 8.9999989 8.6254589 8.4719805 8.9999989 8.6361591 8.9999989 8.9999988 8.9999988 8.9999983 8.9999990 8.9999983 0.0000000 8.5584453 7.3054502 8.9999989 8.9999989 8.9999987 8.9999980 7.4176316 4.8715685 8.5538781 8.8565299 8.9999990 8.9999989 8.9999987 8.9999983 7.8738845 6.5792564 8.9999985 8.5584453 7.9849224 6.5853894 
Mitrella_scripta        5.2842928 6.4563982 5.9497427 6.6795931 6.0106417 4.2731361 4.0726960 5.9694277 5.4832276 4.4555790 5.9785690 7.8835988 7.7905136 7.8695771 7.5943738 3.5961033 3.6688047 8.9999982 8.8275065 8.9999989 8.9999988 8.0820980 4.7848622 5.3706458 7.5554054 6.4852283 8.9999985 8.9999984 8.5584453 0.0000000 8.9999988 8.9999989 8.9999986 8.9999985 8.9999987 6.3734400 6.1170610 8.9999986 8.9999980 8.9999990 8.9999986 6.5228860 8.9999989 8.9999985 8.9999981 8.9999989 0.0000010 0.7649412 3.5354941 
Mitrella_bicincta       7.3619811 8.9999990 8.6432372 8.9999989 8.9692721 8.9999987 7.1509469 4.8955748 6.6494576 8.9999987 8.5421348 7.4854778 5.0547346 5.1984356 7.6970825 5.2111195 3.9756701 8.9999986 5.6324668 6.5677591 8.0517487 7.7985453 7.8034991 7.9353311 8.1777052 8.9999987 7.7574395 8.9999989 7.3054502 8.9999988 0.0000000 8.9999980 8.9999990 6.5556204 8.9999986 7.5844054 5.5463571 5.0054559 6.1989248 7.7666727 6.8102507 8.9999989 8.9999984 8.9999986 8.5170599 7.2048208 8.9999988 8.4337207 7.1223469 
Tonna_sulcosa           7.7770656 7.7610702 7.6745647 7.9457764 8.9433983 7.5673607 8.2719364 7.0165744 6.7438631 4.0873593 8.1080453 6.9299458 7.5731755 8.9999982 8.9999989 8.9999987 7.9372554 8.9478806 5.3101880 8.9999981 8.9999982 8.9999986 8.9515733 8.3907415 6.4723281 7.2407352 8.9999986 8.9999990 8.9999989 8.9999989 8.9999980 0.0000000 0.6706939 8.9999986 8.9999980 8.9999988 8.9999984 8.9999983 8.9999983 8.9999987 8.9999988 8.9851629 7.8261656 6.0410429 3.7140065 7.3128499 8.9999989 6.4282882 6.6759583 
Tonna_galea             7.8643655 8.9999983 8.5197092 8.8527190 8.9999986 5.7792762 8.9999986 7.2136570 7.5029684 4.2097903 8.9470812 8.9999990 8.5721966 8.4273255 8.9999989 8.1100942 7.6958912 8.9999982 5.1991875 8.9999985 8.9999989 8.9999987 8.9999985 8.9999983 6.1923336 5.9499712 8.9999988 8.9999987 8.9999989 8.9999986 8.9999990 0.6706939 0.0000000 8.9999982 8.9999989 8.9999981 8.9999981 8.9999987 8.9999989 8.9999985 8.9999987 7.5306905 7.2077879 4.9876393 5.6793721 5.8363842 8.9999986 6.3907729 6.1020340 
Dolicholatirus_lancea   7.4387562 7.4465403 7.4240835 7.5354750 8.4767270 8.9999985 8.4509110 8.9999990 8.9999980 8.9999990 8.9999985 8.1135820 6.1935178 5.0553215 8.1629049 7.3347726 6.7693092 8.9999990 7.9186063 8.9999984 8.9999983 7.3052247 7.2491173 7.3487068 8.4416655 8.4811980 8.9999981 8.9999990 8.9999987 8.9999985 6.5556204 8.9999986 8.9999982 0.0000000 4.8757282 8.9999988 8.9999989 6.6543970 7.9661183 8.9999982 8.9999990 8.9999989 8.9999985 8.9999985 7.6762645 6.3166483 8.9999985 8.4200520 8.9999983 
Dolicholatirus_spiceri  8.9999990 8.9999984 8.9999982 8.9999987 8.7661574 8.9999990 8.9999989 7.1327577 6.5122966 7.4877454 7.3198137 7.2292429 7.6766414 8.5496014 8.4621724 8.9999982 8.9999990 8.9999987 7.7735295 8.9999983 8.9999983 8.9999989 6.3231961 5.3676879 6.1709764 7.5832862 8.9999986 8.9999984 8.9999980 8.9999987 8.9999986 8.9999980 8.9999989 4.8757282 0.0000000 8.9999989 8.9999989 7.7380778 8.6519589 8.9999989 8.9999983 8.9999989 8.9999983 8.9999982 8.9999989 8.9999981 8.9999987 8.5043310 8.9999982 
Eosipho_smithi          8.9999984 8.9999989 8.9999985 8.9999986 8.1425139 5.4970960 6.5665418 7.6078597 6.7775925 4.8993504 7.8261812 4.8797505 4.8559316 6.3809388 5.7613269 5.6977757 4.7213401 5.8426874 8.1836881 7.8650406 6.9053965 3.5226653 3.1870184 3.3835290 6.5319278 4.2973064 6.9842969 1.8831811 7.4176316 6.3734400 7.5844054 8.9999988 8.9999981 8.9999988 8.9999989 0.0000000 0.8769012 8.9999986 8.9999987 8.4551525 7.5096540 8.9999989 8.9999982 8.9999988 7.2926016 8.6816347 6.3734400 5.8922706 5.6128361 
Manaria_kuroharai       8.5812596 7.7761177 7.7030434 7.4649264 5.8564980 7.9777068 6.6872853 3.7453136 6.7099050 4.6731730 7.1967625 4.0084105 3.5661161 4.6341178 4.9626700 3.5831752 3.7705145 5.5500509 5.3174004 7.4391754 6.6547458 4.5008237 4.8653706 4.0294332 4.8844137 3.3194296 6.1867837 1.8736865 4.8715685 6.1170610 5.5463571 8.9999984 8.9999981 8.9999989 8.9999989 0.8769012 0.0000000 7.4495317 7.9479437 8.9999988 8.0423064 8.9999987 8.9114049 8.6828033 5.3791000 4.9653825 6.1170610 5.4013645 4.5123195 
Melongena_melongena     8.6582214 8.6379923 8.5325272 8.9999982 7.2174030 8.9999981 7.8182689 5.1051092 6.2602460 8.0246824 7.1256436 5.4947557 4.8787905 4.8921806 5.0835687 5.1370853 7.0821526 8.9999980 5.5385769 7.2386650 6.3864449 8.9999983 7.8043172 6.4726840 7.6328600 8.9999987 8.9999983 8.9999984 8.5538781 8.9999986 5.0054559 8.9999983 8.9999987 6.6543970 7.7380778 8.9999986 7.4495317 0.0000000 0.4559904 7.2812750 6.7930659 8.9999983 7.6995785 7.1903569 7.2447520 5.4550536 8.9999986 8.9999983 6.4000219 
Melongena_patula        8.4084758 8.4326737 8.4266757 8.9999984 8.1257477 8.9999984 8.7875328 4.9406632 5.3327952 8.1554969 5.8723563 6.2014760 6.0827861 5.4816045 5.6230091 5.3126223 6.8736800 8.9999987 7.9262014 8.5430397 8.9999989 8.9999982 8.0132748 6.6805132 8.1856737 8.9999988 8.9999984 8.9999983 8.8565299 8.9999980 6.1989248 8.9999983 8.9999989 7.9661183 8.6519589 8.9999987 7.9479437 0.4559904 0.0000000 8.3859762 7.8421661 8.9999989 7.5684515 7.2644452 7.6437586 6.9784080 8.9999980 8.9999990 8.1050474 
Nassarius_conoidalis    8.9999990 8.9999983 8.9999983 8.9999990 8.9999990 8.9999990 8.9999985 8.9999987 8.9999987 8.9999986 8.9999986 7.8467089 8.9999988 8.1761936 8.9999980 7.4068312 8.9999989 8.9999990 8.9999983 7.4315639 7.0541807 8.9999989 7.9547107 5.9569784 8.0289181 8.9999989 3.2447772 8.9999987 8.9999990 8.9999990 7.7666727 8.9999987 8.9999985 8.9999982 8.9999989 8.4551525 8.9999988 7.2812750 8.3859762 0.0000000 1.6806229 8.9999989 8.9999983 8.9999981 8.9999986 8.9999981 8.9999990 8.9999985 8.9999980 
Nassarius_semisulcatus  8.9999982 8.9999983 8.9999986 8.9999986 8.9999984 8.9999981 8.9999983 8.9999981 7.7821014 8.9999980 8.9999988 8.9999989 8.5560585 8.6122696 8.9999990 8.2454995 8.9999988 8.9999983 8.9999984 7.0425672 5.9919572 6.6264698 8.3424355 6.8202576 7.9211731 8.3103762 5.6249387 8.9999989 8.9999989 8.9999986 6.8102507 8.9999988 8.9999987 8.9999990 8.9999983 7.5096540 8.0423064 6.7930659 7.8421661 1.6806229 0.0000000 8.9999983 8.9999982 8.9999987 8.9999980 8.9999981 8.9999986 8.4427946 8.9999985 
Antillophos_beauii      5.7475346 5.1232377 5.2183665 5.7178825 6.2726395 6.5080166 5.1714085 6.6274670 5.8549582 3.2384514 6.3967063 5.6507388 6.7433448 7.2574115 6.8515574 3.4998834 5.5451382 8.9999982 8.9999984 7.3555167 8.9999989 8.9999981 7.3719104 6.8711392 5.0893161 4.7662089 8.9999988 8.9999985 8.9999987 6.5228860 8.9999989 8.9851629 7.5306905 8.9999989 8.9999989 8.9999989 8.9999987 8.9999983 8.9999989 8.9999989 8.9999983 0.0000000 5.1225360 5.8539479 5.4139550 2.0538054 6.5228860 6.0424103 5.2966849 
Pisania_pusio           8.5074015 6.8342743 6.9956596 8.0139638 6.5124602 5.6489781 3.1339394 6.9909521 4.8009120 3.3754391 5.2731460 4.2664143 4.2646562 4.1052979 5.7842800 4.2843125 5.4530996 8.9999985 8.9999990 7.0423144 7.7707128 4.7198543 5.9296919 4.6944062 4.8134240 3.0053661 8.9999989 8.9999981 8.9999983 8.9999989 8.9999984 7.8261656 7.2077879 8.9999985 8.9999983 8.9999982 8.9114049 7.6995785 7.5684515 8.9999983 8.9999982 5.1225360 0.0000000 2.2987020 3.5253261 4.3830218 8.9999989 8.0922957 4.6669489 
Engina_mendicaria       6.6558610 5.9485720 6.2699502 6.9184653 4.3033319 5.7643739 3.8148090 7.0417542 6.0739225 4.0190098 6.4824705 6.3700728 5.5213787 5.5881827 7.9572974 4.9694576 4.9044817 8.9999990 8.9999988 8.4490766 8.9999980 8.9999989 5.2587472 4.3999833 4.2016483 4.5697385 8.9999987 8.9999990 7.8738845 8.9999985 8.9999986 6.0410429 4.9876393 8.9999985 8.9999982 8.9999988 8.6828033 7.1903569 7.2644452 8.9999981 8.9999987 5.8539479 2.2987020 0.0000000 5.5940829 3.7237601 8.9999985 6.4610057 5.0307314 
Clivipollia_pulchra     8.1664216 6.6101142 7.3285360 7.6605845 7.3767806 3.5668518 4.4141115 5.4178296 6.6294816 2.9573724 8.0418434 3.7887120 3.5437740 4.8250580 4.8662072 5.2388439 5.1935664 8.9999988 7.1408728 8.9999988 8.9999988 3.3416856 4.3436604 3.7425542 3.6134397 2.5239532 8.9999988 8.9999985 6.5792564 8.9999981 8.5170599 3.7140065 5.6793721 7.6762645 8.9999989 7.2926016 5.3791000 7.2447520 7.6437586 8.9999986 8.9999980 5.4139550 3.5253261 5.5940829 0.0000000 3.0538111 8.9999981 6.6791952 2.6621094 
Caducifer_decapitatus   5.8775579 5.5917224 6.0737732 6.6179599 4.7197503 5.7545697 3.5447105 4.3142327 4.7208817 2.7661469 4.7701030 4.3679369 3.6875927 3.4757897 3.8143213 2.9163921 3.3806071 7.1370246 3.3740634 7.1122733 7.0919382 7.5917826 5.5434372 5.3519741 2.7273174 2.1949834 8.9999981 8.9999990 8.9999985 8.9999989 7.2048208 7.3128499 5.8363842 6.3166483 8.9999981 8.6816347 4.9653825 5.4550536 6.9784080 8.9999981 8.9999981 2.0538054 4.3830218 3.7237601 3.0538111 0.0000000 8.9999989 6.3489532 2.8944755 
Euthria_cumulata        5.2842928 6.4563982 5.9497427 6.6795931 6.0106417 4.2731361 4.0726960 5.9694277 5.4832276 4.4555790 5.9785690 7.8835988 7.7905136 7.8695771 7.5943738 3.5961033 3.6688047 8.9999982 8.8275065 8.9999989 8.9999988 8.0820980 4.7848622 5.3706458 7.5554054 6.4852283 8.9999985 8.9999984 8.5584453 0.0000010 8.9999988 8.9999989 8.9999986 8.9999985 8.9999987 6.3734400 6.1170610 8.9999986 8.9999980 8.9999990 8.9999986 6.5228860 8.9999989 8.9999985 8.9999981 8.9999989 0.0000000 0.7649412 3.5354941 
Buccinulum_linea        5.0763762 6.3020545 5.8568802 6.4152324 6.5770563 3.4343068 3.0063634 3.6182293 3.2754514 1.9455854 3.6292421 5.4215061 5.3786490 5.4897477 5.8564862 3.1250178 3.3302445 8.9999982 5.6685482 6.9119245 8.7379701 8.4545348 2.7512682 2.4427939 3.6600953 3.0980247 8.9999988 8.9999988 7.9849224 0.7649412 8.4337207 6.4282882 6.3907729 8.4200520 8.5043310 5.8922706 5.4013645 8.9999983 8.9999990 8.9999985 8.4427946 6.0424103 8.0922957 6.4610057 6.6791952 6.3489532 0.7649412 0.0000000 2.6692214 
Kelletia_lischkei       3.7505524 3.3457282 4.0983720 3.6066893 3.7343336 1.1484101 3.2903951 5.3125247 5.9501691 1.3922914 5.6042202 2.7167743 2.2136583 2.4479738 3.8759840 1.8940467 2.2434053 8.9999990 4.3993777 3.8682622 6.1844784 3.6958322 3.8864423 3.7398246 2.9620436 2.5097742 8.9999987 8.9999986 6.5853894 3.5354941 7.1223469 6.6759583 6.1020340 8.9999983 8.9999982 5.6128361 4.5123195 6.4000219 8.1050474 8.9999980 8.9999985 5.2966849 4.6669489 5.0307314 2.6621094 2.8944755 3.5354941 2.6692214 0.0000000 
