49
_gene_COX1___protein_cytochrome                                            0.0000000 0.5061546 0.5540109 0.4968424 1.3157287 6.7974342 4.5139557 4.5906842 5.4281672 5.7521515 6.2314864 6.1274221 5.0281090 4.4679730 5.5411172 2.2719310 2.2046841 8.9999982 7.7496887 5.5924022 8.4196776 8.9999983 6.4584772 6.0331126 5.8695525 7.5435406 8.9999988 8.9999981 8.9999982 5.3509265 7.4695980 7.8805982 7.9551512 7.5375374 8.9999980 8.9999989 8.6501532 8.7742309 8.5333340 8.9999985 8.9999984 5.8138250 8.5956346 6.7237370 8.2644769 5.9602941 5.3509265 5.1468408 3.8040116 
_gene_COI___protein_cytochrome                                             0.5061546 0.0000000 0.3523538 0.1989143 0.8836713 6.8067359 5.9120808 6.3656592 6.1605910 5.2386577 7.0773484 6.2819469 5.3321950 5.6662184 5.7887332 2.4901400 3.0941919 8.9999987 8.9602554 7.4082722 8.9999982 8.0832323 5.7610299 4.8645595 5.6257620 5.4821081 8.9999990 8.9999983 8.9999981 6.5246370 8.9999980 7.8643652 8.9999984 7.5601109 8.9999990 8.9999990 7.8424581 8.7439150 8.5303949 8.9999986 8.9999984 5.1794451 6.9187010 6.0010239 6.6908670 5.6736013 6.5246370 6.3730516 3.4036505 
_gene_COI___protein_cytochrome.1                                           0.5540109 0.3523538 0.0000000 0.0977771 1.2464198 5.5596699 5.2138080 5.3295698 6.2532064 6.0469645 6.9447876 6.1559475 5.3298480 4.9055174 5.8261853 2.3993908 2.9491323 8.9999989 8.8276632 6.1729615 8.8546955 8.2490623 6.1917607 5.7357557 6.5715678 6.7837240 8.9999981 8.9999984 8.9999984 6.0124294 8.7370205 7.7589475 8.6125054 7.5905683 8.9999983 8.9999987 7.7545424 8.6642623 8.5415334 8.9999981 8.9999986 5.2787594 7.0925810 6.3290171 7.4138706 6.1588622 6.0124294 5.9235915 4.1435758 
_gene_COI___protein_cytochrome.2                                           0.4968424 0.1989143 0.0977771 0.0000000 1.0933791 6.2572330 5.0326496 5.5366835 6.4927079 6.4222996 7.6514112 6.6357546 5.5785730 5.5644063 6.4241376 2.5004700 2.8452437 8.9999982 8.9999982 7.2507663 8.9999981 8.9999988 6.9778758 6.3002125 6.8785334 7.1533613 8.8987308 8.9999990 8.9999987 6.7413201 8.9999980 8.0405172 8.9542243 7.6931984 8.9999987 8.9999989 7.5403929 8.9999984 8.9999986 8.9999981 8.9999987 5.7923264 8.1010770 6.9773319 7.7521974 6.7170840 6.7413201 6.4799745 3.6607194 
_gene_COI___protein_cytochrome.3                                           1.3157287 0.8836713 1.2464198 1.0933791 0.0000000 6.8867368 4.7422316 5.9516876 6.2497442 6.5899435 7.1579444 6.4140835 4.0870343 4.3750606 6.7655056 3.6307917 4.3182312 8.9999989 8.6537479 8.9999989 8.9999987 8.9999986 7.6773765 6.5812095 7.1705909 6.2155678 8.9999981 8.9999989 8.6395424 6.0766059 8.9999984 8.9999982 8.9999987 8.5697666 8.8676723 8.2113539 5.9307367 7.3337977 8.2358528 8.9999990 8.9999985 6.3292489 6.5880735 4.3575552 7.4483849 4.7837152 6.0766059 6.6466145 3.7917335 
_gene_COI___protein_cytochrome.4                                           6.7974342 6.8067359 5.5596699 6.2572330 6.8867368 0.0000000 4.8512661 6.0877552 5.2096030 1.9832109 6.8271546 4.8116148 3.6432556 4.8779475 7.1388602 2.9641764 4.2264630 8.9999989 5.1297820 4.3890239 7.9594617 4.8611634 3.5776996 4.5735957 4.4513478 3.4113517 8.9999981 6.7638696 8.9999985 4.3029467 8.9999989 7.6530163 5.8630427 8.9999985 8.9999980 5.5378028 8.0038055 8.9999982 8.9999986 8.9999980 8.9999981 6.5554173 5.7147252 5.8755095 3.5983967 5.7890146 4.3029467 3.4699343 1.1551388 
_gene_COI___protein_cytochrome.5                                           4.5139557 5.9120808 5.2138080 5.0326496 4.7422316 4.8512661 0.0000000 2.1638789 1.4923250 3.2198636 1.4550333 4.2782701 3.2041090 3.0036665 3.6532720 2.3422098 1.9923526 8.9999989 6.4128564 6.3785764 7.3971896 8.3004184 4.8592416 4.8224375 4.1318977 3.7295486 8.9999984 7.7512169 8.4858462 4.1466349 7.2388525 8.3695890 8.9999989 8.5328249 8.9999985 6.6668181 6.7838672 7.8973097 8.8643835 8.9999988 8.9999990 5.2099985 3.1775647 3.8860192 4.4629689 3.5798405 4.1466349 3.0492683 3.3350528 
_gene_COI___protein_cytochrome.6                                           4.5906842 6.3656592 5.3295698 5.5366835 5.9516876 6.0877552 2.1638789 0.0000000 0.9599563 3.0212342 1.1445451 4.1246300 4.1307963 3.7001961 2.2344686 2.8062283 2.0631056 6.6257967 4.5455670 8.4930290 8.9999981 8.9999984 5.9974408 4.8648803 2.3556193 3.8049910 8.9999989 6.2609602 7.4808019 6.0122062 4.9819922 7.0957204 7.3098005 8.9999981 7.2256431 7.6601879 3.7940068 5.1841162 5.0084458 8.9999981 8.9999982 6.6994915 7.0838099 7.1322633 5.4950281 4.3551566 6.0122062 3.6717179 5.3806196 
_gene_COI___protein_cytochrome.7                                           5.4281672 6.1605910 6.2532064 6.4927079 6.2497442 5.2096030 1.4923250 0.9599563 0.0000000 3.2240735 0.3744843 3.1727649 2.9510879 3.8322802 3.1639386 2.4282827 1.9763988 7.4358143 4.0892810 6.0847023 7.1656704 8.2058542 5.1160318 4.5244787 3.0829197 3.8648732 8.9999987 5.8692755 8.0336045 5.5353644 6.7605998 6.8426469 7.6160035 8.9999982 6.6053520 6.8564368 6.7695386 6.3217446 5.3946631 8.9999988 7.8977970 5.9204199 4.8657329 6.1424601 6.7046731 4.7712607 5.5353644 3.3248400 6.0042935 
_gene_COI___protein_cytochrome.8                                           5.7521515 5.2386577 6.0469645 6.4222996 6.5899435 1.9832109 3.2198636 3.0212342 3.2240735 0.0000000 3.3573466 2.0965650 2.2620536 3.1978176 4.0879477 2.7500405 2.7760087 8.9999989 5.9497518 5.3102152 7.6378917 4.9846172 2.1349768 1.4571422 1.8535012 1.7577757 8.9999986 8.9999985 7.4997829 4.5035447 8.9999988 4.1670164 4.2970869 8.9999990 7.5889479 4.9724820 4.7162788 8.1039104 8.2289770 8.9999987 8.9999981 3.2680570 3.4196367 4.0914907 2.9875899 2.7964265 4.5035447 1.9758145 1.4074416 
_gene_COI___protein_cytochrome.9                                           6.2314864 7.0773484 6.9447876 7.6514112 7.1579444 6.8271546 1.4550333 1.1445451 0.3744843 3.3573466 0.0000000 3.5417521 3.9738577 3.5943239 3.5556644 2.3562345 2.3773461 7.9709497 5.3090475 6.3999712 8.9999989 8.8419870 6.1486120 4.8306614 3.3762088 4.0373671 8.9999988 8.3976868 8.9999987 6.0283707 8.6296664 8.2019627 8.9999987 8.9999985 7.4126878 7.9114245 7.2686463 7.1869081 5.9359118 8.9999989 8.9999988 6.4538612 5.3312096 6.5480293 8.1054531 4.8285106 6.0283707 3.6801374 5.6878304 
_gene_COI___protein_cytochrome.10                                          6.1274221 6.2819469 6.1559475 6.6357546 6.4140835 4.8116148 4.2782701 4.1246300 3.1727649 2.0965650 3.5417521 0.0000000 1.0679878 1.2968387 2.5494239 2.0705816 2.7023474 8.9999990 5.9315625 8.4545584 8.9075687 5.1616348 3.2941316 3.0638493 3.0754930 2.8111233 8.9999982 8.1259081 8.9999985 7.9555292 7.5813260 7.0075262 8.9999980 8.2158755 7.3191698 4.9439902 4.0565246 5.5640067 6.2714896 7.9387606 8.9999990 5.7320563 4.3220126 6.4408607 3.8197639 4.4241277 7.9555292 5.4840967 2.7432067 
_gene_COI___protein_cytochrome.11                                          5.0281090 5.3321950 5.3298480 5.5785730 4.0870343 3.6432556 3.2041090 4.1307963 2.9510879 2.2620536 3.9738577 1.0679878 0.0000000 0.4969151 4.5243191 1.7602894 2.5219567 8.9999982 5.2255428 7.1847256 7.6787150 5.4802679 5.1242446 3.6584038 3.4268913 2.5278935 8.9999987 6.9007199 6.3783689 7.8653209 5.1178381 7.6759347 8.6833932 6.2671446 7.7946911 4.9526076 3.6179131 4.9295127 6.1435019 8.9999989 8.6689073 6.8171441 4.3239506 5.6009376 3.5894544 3.7256016 7.8653209 5.4539666 2.2413885 
_gene_COI___protein_cytochrome.12                                          4.4679730 5.6662184 4.9055174 5.5644063 4.3750606 4.8779475 3.0036665 3.7001961 3.8322802 3.1978176 3.5943239 1.2968387 0.4969151 0.0000000 4.2869356 1.7504246 2.0454976 8.9999990 6.0910963 5.9233021 6.8113025 6.1223604 5.8120303 4.4226527 3.4524722 3.3640394 8.9999989 8.6581018 7.5238251 7.9582578 5.2605390 8.9999986 8.5316731 5.1232492 8.6626622 6.4580556 4.6968873 4.9529943 5.5568468 8.2775541 8.7091136 7.3325099 4.1636418 5.6820559 4.8810072 3.5139250 7.9582578 5.5642529 2.4704833 
_gene_COI___protein_cytochrome.13                                          5.5411172 5.7887332 5.8261853 6.4241376 6.7655056 7.1388602 3.6532720 2.2344686 3.1639386 4.0879477 3.5556644 2.5494239 4.5243191 4.2869356 0.0000000 2.6121818 1.8250666 8.9999989 4.6332886 8.9999981 8.9999990 6.8895864 7.1346037 6.3564942 3.8399175 4.1714048 8.9999981 8.9999985 8.9999982 7.6694717 7.7877402 8.9999981 8.9999983 8.2676070 8.5633652 5.8215059 5.0064237 5.1599018 5.6877726 8.9999981 8.9999990 6.9045280 5.8509715 8.0347540 4.9246624 3.8643904 7.6694717 5.9251625 3.9359950 
_gene_COI___protein_cytochrome.14                                          2.2719310 2.4901400 2.3993908 2.5004700 3.6307917 2.9641764 2.3422098 2.8062283 2.4282827 2.7500405 2.3562345 2.0705816 1.7602894 1.7504246 2.6121818 0.0000000 1.0903299 8.9999989 6.1413303 5.7171309 5.9803200 5.6443448 5.2608884 4.3165776 2.7678245 3.7429156 8.9999986 8.9999985 8.9999984 3.6465693 5.2773515 8.9999982 8.1916361 7.4354038 8.9999983 5.7767766 3.6314957 5.2078328 5.3848666 7.4919549 8.3363270 3.5376295 4.3317335 5.0355220 5.2853603 2.9518062 3.6465693 3.1683981 1.9133702 
_gene_COI___protein_cytochrome.15                                          2.2046841 3.0941919 2.9491323 2.8452437 4.3182312 4.2264630 1.9923526 2.0631056 1.9763988 2.7760087 2.3773461 2.7023474 2.5219567 2.0454976 1.8250666 1.0903299 0.0000000 8.9999986 4.6212783 5.2105965 7.8218619 3.8826949 5.7448418 4.7693845 3.2149579 3.2935077 8.9999989 8.5193195 8.4266021 3.7157296 4.0326973 8.0550200 7.7882246 6.8507401 8.9999982 4.7748500 3.8092805 7.1675705 6.9488564 8.9999981 8.9999981 5.5829445 5.5111420 4.9611755 5.2482575 3.4064971 3.7157296 3.3783424 2.2670410 
_gene_COI___protein_cytochrome.16                                          8.9999982 8.9999987 8.9999989 8.9999982 8.9999989 8.9999989 8.9999989 6.6257967 7.4358143 8.9999989 7.9709497 8.9999990 8.9999982 8.9999990 8.9999989 8.9999989 8.9999986 0.0000000 2.2761493 8.9999985 8.9999982 8.9989661 7.9834051 8.9999981 7.7295699 8.9999986 8.9999981 8.9999981 8.9999980 8.9999982 8.9999987 8.9999986 8.9999985 8.9999980 8.9999988 5.9169208 5.6013019 8.9999990 8.9999985 8.9999980 8.9999983 8.9999984 8.9999985 8.9999984 8.9999989 7.2011356 8.9999982 8.9999990 8.9999990 
_gene_COI___protein_cytochrome.17                                          7.7496887 8.9602554 8.8276632 8.9999982 8.6537479 5.1297820 6.4128564 4.5455670 4.0892810 5.9497518 5.3090475 5.9315625 5.2255428 6.0910963 4.6332886 6.1413303 4.6212783 2.2761493 0.0000000 8.5139990 8.9999981 8.9846849 6.2018666 6.2929331 4.2677299 4.2320433 8.9999987 8.6715168 8.7318283 8.9028961 5.7119313 5.3868014 5.2801091 8.0189739 7.8565910 8.2630992 5.3745059 5.6359024 8.0233294 8.9999984 8.9999985 8.9999989 8.9999989 8.9999989 7.2408420 3.4240189 8.9028961 5.7373963 4.4811988 
_gene_COI___protein_cytochrome.18                                          5.5924022 7.4082722 6.1729615 7.2507663 8.9999989 4.3890239 6.3785764 8.4930290 6.0847023 5.3102152 6.3999712 8.4545584 7.1847256 5.9233021 8.9999981 5.7171309 5.2105965 8.9999985 8.5139990 0.0000000 0.9320844 4.8313699 7.3488600 6.5292357 4.4569212 5.5581890 8.9999989 8.8987799 8.5851776 8.9999980 6.6493979 8.9999984 8.9999986 8.9999985 8.9999984 7.9289116 7.5060968 7.3509956 8.6303212 7.5236853 7.1292564 7.4365448 7.1306559 8.5394884 8.9999981 7.1990184 8.9999980 7.0043554 3.9221597 
_gene_COI___protein_cytochrome.19                                          8.4196776 8.9999982 8.8546955 8.9999981 8.9999987 7.9594617 7.3971896 8.9999981 7.1656704 7.6378917 8.9999989 8.9075687 7.6787150 6.8113025 8.9999990 5.9803200 7.8218619 8.9999982 8.9999981 0.9320844 0.0000000 4.0668843 6.4417278 6.5579842 6.6073067 8.9999988 8.9999988 8.9999989 8.9999985 8.9999988 8.1564908 8.9999983 8.9999987 8.9999985 8.9999984 6.9819472 6.7331182 6.4872446 8.9999981 7.1311676 6.0705889 8.9999989 7.8406783 8.9999982 8.9999989 7.1710151 8.9999988 8.8273695 6.2377094 
_gene_COI___protein_cytochrome.20                                          8.9999983 8.0832323 8.2490623 8.9999988 8.9999986 4.8611634 8.3004184 8.9999984 8.2058542 4.9846172 8.8419870 5.1616348 5.4802679 6.1223604 6.8895864 5.6443448 3.8826949 8.9989661 8.9846849 4.8313699 4.0668843 0.0000000 3.0156416 3.3950078 3.3860223 2.0066877 8.9999989 6.1729329 8.7288442 8.1416129 7.8657335 8.9999987 8.9999988 7.3978633 8.9999983 3.5553057 4.5285947 8.9999986 8.9999985 8.9999989 6.7803749 8.9999985 4.7834276 8.9999989 3.3801290 7.6687663 8.1416129 8.5227431 3.7545799 
_gene_COI___protein_cytochrome.21                                          6.4584772 5.7610299 6.1917607 6.9778758 7.6773765 3.5776996 4.8592416 5.9974408 5.1160318 2.1349768 6.1486120 3.2941316 5.1242446 5.8120303 7.1346037 5.2608884 5.7448418 7.9834051 6.2018666 7.3488600 6.4417278 3.0156416 0.0000000 0.3497141 2.9386823 2.3082906 6.0043953 7.7529185 8.9999990 4.8320215 7.9100579 8.9999982 8.9999983 7.3316603 6.4070054 3.2385850 4.9422931 7.8867542 8.0914292 8.0412341 8.4392410 7.4423943 6.0139495 5.3614628 4.4078347 5.6159138 4.8320215 2.7915795 3.9508631 
_gene_COI___protein_cytochrome.22                                          6.0331126 4.8645595 5.7357557 6.3002125 6.5812095 4.5735957 4.8224375 4.8648803 4.5244787 1.4571422 4.8306614 3.0638493 3.6584038 4.4226527 6.3564942 4.3165776 4.7693845 8.9999981 6.2929331 6.5292357 6.5579842 3.3950078 0.3497141 0.0000000 2.1810137 1.6943128 5.2824006 8.9999986 8.9999989 5.4137412 8.0416085 8.5158695 8.9999986 7.4298118 5.4431930 3.4331918 4.0824878 6.5538016 6.7536461 6.0482616 6.9162607 6.9415278 4.7592972 4.4858428 3.7970305 5.4230699 5.4137412 2.4757390 3.7808825 
_gene_COI___protein_cytochrome.23                                          5.8695525 5.6257620 6.5715678 6.8785334 7.1705909 4.4513478 4.1318977 2.3556193 3.0829197 1.8535012 3.3762088 3.0754930 3.4268913 3.4524722 3.8399175 2.7678245 3.2149579 7.7295699 4.2677299 4.4569212 6.6073067 3.3860223 2.9386823 2.1810137 0.0000000 0.6748346 8.9999987 8.5679498 8.9999988 7.6376323 8.2674479 6.5900404 6.2591124 8.5466708 6.2936627 6.5842864 4.9473276 7.7304774 8.2829017 8.1141169 8.0066963 5.1532554 4.8684921 4.2623472 3.6843131 2.7686093 7.6376323 3.7186294 2.9921732 
_gene_COI___protein_cytochrome.24                                          7.5435406 5.4821081 6.7837240 7.1533613 6.2155678 3.4113517 3.7295486 3.8049910 3.8648732 1.7577757 4.0373671 2.8111233 2.5278935 3.3640394 4.1714048 3.7429156 3.2935077 8.9999986 4.2320433 5.5581890 8.9999988 2.0066877 2.3082906 1.6943128 0.6748346 0.0000000 8.5187791 5.2681309 8.9999984 6.5471805 8.9999988 7.3307164 6.0151371 8.5709383 7.7005307 4.3340039 3.3554735 8.9999988 8.9999983 8.9999984 8.4172327 4.8190065 3.0440402 4.6166360 2.5524543 2.2290218 6.5471805 3.1444347 2.5417875 
_gene_COI___protein_cytochrome.25                                          8.9999988 8.9999990 8.9999981 8.8987308 8.9999981 8.9999981 8.9999984 8.9999989 8.9999987 8.9999986 8.9999988 8.9999982 8.9999987 8.9999989 8.9999981 8.9999986 8.9999989 8.9999981 8.9999987 8.9999989 8.9999988 8.9999989 6.0043953 5.2824006 8.9999987 8.5187791 0.0000000 8.8241282 8.9999988 8.9999985 7.8408217 8.9999987 8.9999988 8.9999982 8.9999981 7.0665169 6.2618303 8.9999984 8.9999984 3.2968173 5.6985223 8.9999988 8.9999990 8.9999989 8.9999988 8.9999981 8.9999985 8.9999989 8.9999980 
_gene_COI___protein_cytochrome.26                                          8.9999981 8.9999983 8.9999984 8.9999990 8.9999989 6.7638696 7.7512169 6.2609602 5.8692755 8.9999985 8.3976868 8.1259081 6.9007199 8.6581018 8.9999985 8.9999985 8.5193195 8.9999981 8.6715168 8.8987799 8.9999989 6.1729329 7.7529185 8.9999986 8.5679498 5.2681309 8.8241282 0.0000000 8.9999984 8.9999984 8.9999990 8.9999981 8.9999988 8.9999980 8.9999984 1.9068266 1.8854465 8.9999984 8.9999983 8.9999987 8.9999990 8.9999986 8.9999985 8.9999990 8.9999987 8.9999990 8.9999984 8.9999989 8.9999986 
_gene_COI___db_xref_GOA_D3UBV8_InterPro_IPR000883_UniProtKB/TrEMBL_D3UBV8_ 8.9999982 8.9999981 8.9999984 8.9999987 8.6395424 8.9999985 8.4858462 7.4808019 8.0336045 7.4997829 8.9999987 8.9999985 6.3783689 7.5238251 8.9999982 8.9999984 8.4266021 8.9999980 8.7318283 8.5851776 8.9999985 8.7288442 8.9999990 8.9999989 8.9999988 8.9999984 8.9999988 8.9999984 0.0000000 8.6365285 7.4155939 8.9999989 8.9999981 8.9999988 8.9999981 7.4934098 4.9248476 8.6590230 8.9448603 8.9999984 8.9999982 8.9999987 8.9999985 7.9701590 6.6469863 8.9999985 8.6365285 8.0781699 6.6529072 
_gene_COI___protein_cytochrome.27                                          5.3509265 6.5246370 6.0124294 6.7413201 6.0766059 4.3029467 4.1466349 6.0122062 5.5353644 4.5035447 6.0283707 7.9555292 7.8653209 7.9582578 7.6694717 3.6465693 3.7157296 8.9999982 8.9028961 8.9999980 8.9999988 8.1416129 4.8320215 5.4137412 7.6376323 6.5471805 8.9999985 8.9999984 8.6365285 0.0000000 8.9999985 8.9999981 8.9999987 8.9999988 8.9999988 6.4265177 6.1720655 8.9999987 8.9999982 8.9999984 8.9999987 6.5738199 8.9999989 8.9999985 8.9999982 8.9999982 0.0000010 0.7732306 3.5653163 
_gene_COI___protein_cytochrome.28                                          7.4695980 8.9999980 8.7370205 8.9999980 8.9999984 8.9999989 7.2388525 4.9819922 6.7605998 8.9999988 8.6296664 7.5813260 5.1178381 5.2605390 7.7877402 5.2773515 4.0326973 8.9999987 5.7119313 6.6493979 8.1564908 7.8657335 7.9100579 8.0416085 8.2674479 8.9999988 7.8408217 8.9999990 7.4155939 8.9999985 0.0000000 8.9999983 8.9999983 6.6380607 8.9999982 7.6745544 5.6105172 5.0817628 6.2825675 7.8716239 6.9001316 8.9999980 8.9999980 8.9999987 8.6222394 7.2962026 8.9999985 8.5467310 7.2383733 
_gene_COI___protein_cytochrome.29                                          7.8805982 7.8643652 7.7589475 8.0405172 8.9999982 7.6530163 8.3695890 7.0957204 6.8426469 4.1670164 8.2019627 7.0075262 7.6759347 8.9999986 8.9999981 8.9999982 8.0550200 8.9999986 5.3868014 8.9999984 8.9999983 8.9999987 8.9999982 8.5158695 6.5900404 7.3307164 8.9999987 8.9999981 8.9999989 8.9999981 8.9999983 0.0000000 0.6767491 8.9999989 8.9999984 8.9999988 8.9999988 8.9999984 8.9999985 8.9999988 8.9999989 8.9999986 7.9143672 6.1242146 3.7694718 7.4126653 8.9999981 6.5113977 6.7290271 
_gene_COI___protein_cytochrome.30                                          7.9551512 8.9999984 8.6125054 8.9542243 8.9999987 5.8630427 8.9999989 7.3098005 7.6160035 4.2970869 8.9999987 8.9999980 8.6833932 8.5316731 8.9999983 8.1916361 7.7882246 8.9999985 5.2801091 8.9999986 8.9999987 8.9999988 8.9999983 8.9999986 6.2591124 6.0151371 8.9999988 8.9999988 8.9999981 8.9999987 8.9999983 0.6767491 0.0000000 8.9999984 8.9999989 8.9999982 8.9999981 8.9999988 8.9999989 8.9999985 8.9999987 7.5960794 7.2887898 5.0659810 5.7422903 5.9062755 8.9999987 6.4851363 6.1548200 
_gene_COI___protein_cytochrome.31                                          7.5375374 7.5601109 7.5905683 7.6931984 8.5697666 8.9999985 8.5328249 8.9999981 8.9999982 8.9999990 8.9999985 8.2158755 6.2671446 5.1232492 8.2676070 7.4354038 6.8507401 8.9999980 8.0189739 8.9999985 8.9999985 7.3978633 7.3316603 7.4298118 8.5466708 8.5709383 8.9999982 8.9999980 8.9999988 8.9999988 6.6380607 8.9999989 8.9999984 0.0000000 4.9223494 8.9999988 8.9999985 6.7618719 8.0725591 8.9999985 8.9999983 8.9999990 8.9999987 8.9999988 7.7620813 6.4205645 8.9999988 8.5225075 8.9999986 
_gene_COI___protein_cytochrome.32                                          8.9999980 8.9999990 8.9999983 8.9999987 8.8676723 8.9999980 8.9999985 7.2256431 6.6053520 7.5889479 7.4126878 7.3191698 7.7946911 8.6626622 8.5633652 8.9999983 8.9999982 8.9999988 7.8565910 8.9999984 8.9999984 8.9999983 6.4070054 5.4431930 6.2936627 7.7005307 8.9999981 8.9999984 8.9999981 8.9999988 8.9999982 8.9999984 8.9999989 4.9223494 0.0000000 8.9999982 8.9999989 7.8120514 8.7401292 8.9999989 8.9999983 8.9999989 8.9999985 8.9999983 8.9999985 8.9999982 8.9999988 8.6176350 8.9999983 
_gene_COI___protein_cytochrome.33                                          8.9999989 8.9999990 8.9999987 8.9999989 8.2113539 5.5378028 6.6668181 7.6601879 6.8564368 4.9724820 7.9114245 4.9439902 4.9526076 6.4580556 5.8215059 5.7767766 4.7748500 5.9169208 8.2630992 7.9289116 6.9819472 3.5553057 3.2385850 3.4331918 6.5842864 4.3340039 7.0665169 1.9068266 7.4934098 6.4265177 7.6745544 8.9999988 8.9999982 8.9999988 8.9999982 0.0000000 0.8861626 8.9999990 8.9999989 8.5607765 7.6102804 8.9999990 8.9999981 8.9999989 7.3450852 8.7749989 6.4265177 5.9645145 5.6630378 
_gene_COI___protein_cytochrome.34                                          8.6501532 7.8424581 7.7545424 7.5403929 5.9307367 8.0038055 6.7838672 3.7940068 6.7695386 4.7162788 7.2686463 4.0565246 3.6179131 4.6968873 5.0064237 3.6314957 3.8092805 5.6013019 5.3745059 7.5060968 6.7331182 4.5285947 4.9422931 4.0824878 4.9473276 3.3554735 6.2618303 1.8854465 4.9248476 6.1720655 5.6105172 8.9999988 8.9999981 8.9999985 8.9999989 0.8861626 0.0000000 7.5237598 8.0152187 8.9999989 8.1348510 8.9999988 8.9834421 8.7947857 5.4424740 5.0313050 6.1720655 5.4666374 4.5729378 
_gene_COI___protein_cytochrome.35                                          8.7742309 8.7439150 8.6642623 8.9999984 7.3337977 8.9999982 7.8973097 5.1841162 6.3217446 8.1039104 7.1869081 5.5640067 4.9295127 4.9529943 5.1599018 5.2078328 7.1675705 8.9999990 5.6359024 7.3509956 6.4872446 8.9999986 7.8867542 6.5538016 7.7304774 8.9999988 8.9999984 8.9999984 8.6590230 8.9999987 5.0817628 8.9999984 8.9999988 6.7618719 7.8120514 8.9999990 7.5237598 0.0000000 0.4572294 7.3786017 6.8765128 8.9999985 7.7851552 7.2686148 7.3423393 5.5341267 8.9999987 8.9999984 6.5084503 
_gene_COI___protein_cytochrome.36                                          8.5333340 8.5303949 8.5415334 8.9999986 8.2358528 8.9999986 8.8643835 5.0084458 5.3946631 8.2289770 5.9359118 6.2714896 6.1435019 5.5568468 5.6877726 5.3848666 6.9488564 8.9999985 8.0233294 8.6303212 8.9999981 8.9999985 8.0914292 6.7536461 8.2829017 8.9999983 8.9999984 8.9999983 8.9448603 8.9999982 6.2825675 8.9999985 8.9999989 8.0725591 8.7401292 8.9999989 8.0152187 0.4572294 0.0000000 8.4820143 7.9184837 8.9999984 7.6641778 7.3309300 7.7535925 7.0773422 8.9999982 8.9999982 8.2145585 
_gene_COI___protein_cytochrome.37                                          8.9999985 8.9999986 8.9999981 8.9999981 8.9999990 8.9999980 8.9999988 8.9999981 8.9999988 8.9999987 8.9999989 7.9387606 8.9999989 8.2775541 8.9999981 7.4919549 8.9999981 8.9999980 8.9999984 7.5236853 7.1311676 8.9999989 8.0412341 6.0482616 8.1141169 8.9999984 3.2968173 8.9999987 8.9999984 8.9999984 7.8716239 8.9999988 8.9999985 8.9999985 8.9999989 8.5607765 8.9999989 7.3786017 8.4820143 0.0000000 1.7013526 8.9999989 8.9999990 8.9999986 8.9999988 8.9999982 8.9999984 8.9999988 8.9999987 
_gene_COI___protein_cytochrome.38                                          8.9999984 8.9999984 8.9999986 8.9999987 8.9999985 8.9999981 8.9999990 8.9999982 7.8977970 8.9999981 8.9999988 8.9999990 8.6689073 8.7091136 8.9999990 8.3363270 8.9999981 8.9999983 8.9999985 7.1292564 6.0705889 6.7803749 8.4392410 6.9162607 8.0066963 8.4172327 5.6985223 8.9999990 8.9999982 8.9999987 6.9001316 8.9999989 8.9999987 8.9999983 8.9999983 7.6102804 8.1348510 6.8765128 7.9184837 1.7013526 0.0000000 8.9999983 8.9999984 8.9999989 8.9999982 8.9999982 8.9999987 8.5655838 8.9999990 
_gene_COI___protein_cytochrome.39                                          5.8138250 5.1794451 5.2787594 5.7923264 6.3292489 6.5554173 5.2099985 6.6994915 5.9204199 3.2680570 6.4538612 5.7320563 6.8171441 7.3325099 6.9045280 3.5376295 5.5829445 8.9999984 8.9999989 7.4365448 8.9999989 8.9999985 7.4423943 6.9415278 5.1532554 4.8190065 8.9999988 8.9999986 8.9999987 6.5738199 8.9999980 8.9999986 7.5960794 8.9999990 8.9999989 8.9999990 8.9999988 8.9999985 8.9999984 8.9999989 8.9999983 0.0000000 5.1826350 5.9278959 5.4722643 2.0808997 6.5738199 6.1073793 5.3421757 
_gene_COI___protein_cytochrome.40                                          8.5956346 6.9187010 7.0925810 8.1010770 6.5880735 5.7147252 3.1775647 7.0838099 4.8657329 3.4196367 5.3312096 4.3220126 4.3239506 4.1636418 5.8509715 4.3317335 5.5111420 8.9999985 8.9999989 7.1306559 7.8406783 4.7834276 6.0139495 4.7592972 4.8684921 3.0440402 8.9999990 8.9999985 8.9999985 8.9999989 8.9999980 7.9143672 7.2887898 8.9999987 8.9999985 8.9999981 8.9834421 7.7851552 7.6641778 8.9999990 8.9999984 5.1826350 0.0000000 2.3220603 3.5730609 4.4286831 8.9999989 8.1806794 4.7074340 
_gene_COI___protein_cytochrome.41                                          6.7237370 6.0010239 6.3290171 6.9773319 4.3575552 5.8755095 3.8860192 7.1322633 6.1424601 4.0914907 6.5480293 6.4408607 5.6009376 5.6820559 8.0347540 5.0355220 4.9611755 8.9999984 8.9999989 8.5394884 8.9999982 8.9999989 5.3614628 4.4858428 4.2623472 4.6166360 8.9999989 8.9999990 7.9701590 8.9999985 8.9999987 6.1242146 5.0659810 8.9999988 8.9999983 8.9999989 8.7947857 7.2686148 7.3309300 8.9999986 8.9999989 5.9278959 2.3220603 0.0000000 5.6580683 3.7806234 8.9999985 6.5620116 5.0939194 
_gene_COI___protein_cytochrome.42                                          8.2644769 6.6908670 7.4138706 7.7521974 7.4483849 3.5983967 4.4629689 5.4950281 6.7046731 2.9875899 8.1054531 3.8197639 3.5894544 4.8810072 4.9246624 5.2853603 5.2482575 8.9999989 7.2408420 8.9999981 8.9999989 3.3801290 4.4078347 3.7970305 3.6843131 2.5524543 8.9999988 8.9999987 6.6469863 8.9999982 8.6222394 3.7694718 5.7422903 7.7620813 8.9999985 7.3450852 5.4424740 7.3423393 7.7535925 8.9999988 8.9999982 5.4722643 3.5730609 5.6580683 0.0000000 3.0956427 8.9999982 6.7522717 2.6890623 
_gene_COI___protein_cytochrome.43                                          5.9602941 5.6736013 6.1588622 6.7170840 4.7837152 5.7890146 3.5798405 4.3551566 4.7712607 2.7964265 4.8285106 4.4241277 3.7256016 3.5139250 3.8643904 2.9518062 3.4064971 7.2011356 3.4240189 7.1990184 7.1710151 7.6687663 5.6159138 5.4230699 2.7686093 2.2290218 8.9999981 8.9999990 8.9999985 8.9999982 7.2962026 7.4126653 5.9062755 6.4205645 8.9999982 8.7749989 5.0313050 5.5341267 7.0773422 8.9999982 8.9999982 2.0808997 4.4286831 3.7806234 3.0956427 0.0000000 8.9999982 6.4187144 2.9372290 
_gene_COI___protein_cytochrome.44                                          5.3509265 6.5246370 6.0124294 6.7413201 6.0766059 4.3029467 4.1466349 6.0122062 5.5353644 4.5035447 6.0283707 7.9555292 7.8653209 7.9582578 7.6694717 3.6465693 3.7157296 8.9999982 8.9028961 8.9999980 8.9999988 8.1416129 4.8320215 5.4137412 7.6376323 6.5471805 8.9999985 8.9999984 8.6365285 0.0000010 8.9999985 8.9999981 8.9999987 8.9999988 8.9999988 6.4265177 6.1720655 8.9999987 8.9999982 8.9999984 8.9999987 6.5738199 8.9999989 8.9999985 8.9999982 8.9999982 0.0000000 0.7732306 3.5653163 
_gene_COI___protein_cytochrome.45                                          5.1468408 6.3730516 5.9235915 6.4799745 6.6466145 3.4699343 3.0492683 3.6717179 3.3248400 1.9758145 3.6801374 5.4840967 5.4539666 5.5642529 5.9251625 3.1683981 3.3783424 8.9999990 5.7373963 7.0043554 8.8273695 8.5227431 2.7915795 2.4757390 3.7186294 3.1444347 8.9999989 8.9999989 8.0781699 0.7732306 8.5467310 6.5113977 6.4851363 8.5225075 8.6176350 5.9645145 5.4666374 8.9999984 8.9999982 8.9999988 8.5655838 6.1073793 8.1806794 6.5620116 6.7522717 6.4187144 0.7732306 0.0000000 2.6978107 
_gene_COI___protein_cytochrome.46                                          3.8040116 3.4036505 4.1435758 3.6607194 3.7917335 1.1551388 3.3350528 5.3806196 6.0042935 1.4074416 5.6878304 2.7432067 2.2413885 2.4704833 3.9359950 1.9133702 2.2670410 8.9999990 4.4811988 3.9221597 6.2377094 3.7545799 3.9508631 3.7808825 2.9921732 2.5417875 8.9999980 8.9999986 6.6529072 3.5653163 7.2383733 6.7290271 6.1548200 8.9999986 8.9999983 5.6630378 4.5729378 6.5084503 8.2145585 8.9999987 8.9999990 5.3421757 4.7074340 5.0939194 2.6890623 2.9372290 3.5653163 2.6978107 0.0000000 
