36
Peristernia_reinca 0.0000000 0.0354067 0.0000023 0.0161086 0.0000024 0.0976586 0.0317788 0.0490809 0.0404270 0.0315477 0.0322345 0.0730112 0.0730112 0.0359687 0.0758272 0.0529537 0.0819050 0.0758856 0.0862756 0.0773532 0.0927715 0.2540132 0.1623322 0.1882771 0.2328849 0.1195191 0.1433406 0.1021438 0.1088809 0.0764489 0.0792861 0.1368855 0.0859929 0.1075933 0.1059573 0.0961114 
Peristernia_gemmat 0.0354067 0.0000000 0.0098891 0.0352742 0.0203859 0.1211703 0.0532560 0.0734506 0.0634264 0.0527860 0.0540773 0.0952292 0.0952292 0.0582080 0.1054616 0.0776759 0.0998350 0.0930214 0.1107948 0.0949650 0.1057641 0.2834213 0.1974940 0.1745961 0.2497890 0.1343729 0.1737334 0.1102152 0.1034159 0.1017545 0.0931600 0.1436001 0.1336939 0.1327946 0.1266881 0.1139035 
Peristernia_nassat 0.0000023 0.0098891 0.0000000 0.0096285 0.0000021 0.0836387 0.0203921 0.0362217 0.0282613 0.0240446 0.0245472 0.0587203 0.0587203 0.0242080 0.0602412 0.0399053 0.0628894 0.0575517 0.0708755 0.0585889 0.0678317 0.2108315 0.1388588 0.1546621 0.1964022 0.1006362 0.1242084 0.0826382 0.0886650 0.0622157 0.0646238 0.1156922 0.0840049 0.0914659 0.0893491 0.0823183 
Peristernia_marque 0.0161086 0.0352742 0.0096285 0.0000000 0.0095560 0.1162866 0.0440710 0.0629257 0.0535426 0.0482560 0.0494100 0.0897868 0.0897868 0.0486696 0.0924819 0.0609532 0.0992008 0.0924373 0.0868513 0.0943573 0.0970197 0.2232046 0.1726367 0.1812985 0.2318119 0.1390976 0.1549957 0.1153220 0.1227169 0.0857529 0.0873998 0.1596469 0.0941565 0.1268666 0.1258803 0.1143667 
Peristernia_forska 0.0000024 0.0203859 0.0000021 0.0095560 0.0000000 0.0879529 0.0240157 0.0402592 0.0321072 0.0238548 0.0243494 0.0627713 0.0627713 0.0279371 0.0650504 0.0439923 0.0713141 0.0657445 0.0781452 0.0669540 0.0763934 0.2260140 0.1507507 0.1596598 0.2014227 0.1049220 0.1289118 0.0866728 0.0927992 0.0718433 0.0690809 0.1204419 0.0830000 0.0957292 0.0937512 0.0865679 
Serratifusus_linea 0.0976586 0.1211703 0.0836387 0.1162866 0.0879529 0.0000000 0.0956168 0.1165152 0.0908874 0.0945001 0.0856716 0.0943821 0.0943821 0.0885615 0.1195988 0.1020938 0.0941244 0.0875609 0.0432803 0.0522790 0.0859651 0.2565067 0.1603578 0.1794981 0.2549894 0.0761206 0.0823360 0.0977773 0.0912447 0.1208821 0.0942231 0.1238491 0.1316450 0.1010858 0.0645449 0.0715586 
Triplofusus_gigant 0.0317788 0.0532560 0.0203921 0.0440710 0.0240157 0.0956168 0.0000000 0.0095665 0.0063582 0.0063413 0.0098091 0.0443337 0.0443337 0.0063518 0.0406176 0.0274835 0.0604740 0.0554058 0.0628417 0.0621218 0.0699506 0.2218916 0.1558776 0.1654143 0.2313234 0.1204632 0.1037792 0.1044800 0.0979265 0.0776796 0.0740878 0.1240979 0.1055793 0.0833143 0.0888157 0.0863461 
Cinctura_hunteria  0.0490809 0.0734506 0.0362217 0.0629257 0.0402592 0.1165152 0.0095665 0.0000000 0.0031854 0.0097671 0.0166863 0.0454652 0.0454652 0.0165336 0.0450837 0.0439723 0.0706741 0.0651784 0.0720712 0.0727181 0.0807732 0.2439050 0.1729533 0.1737426 0.2418709 0.1219831 0.1074758 0.1248154 0.1173387 0.0814544 0.0916185 0.1444881 0.1236161 0.0993612 0.0992836 0.1032470 
Fasciolaria_tulipa 0.0404270 0.0634264 0.0282613 0.0535426 0.0321072 0.0908874 0.0063582 0.0031854 0.0000000 0.0064900 0.0134102 0.0411838 0.0411838 0.0131825 0.0411427 0.0401408 0.0612287 0.0560897 0.0514054 0.0580828 0.0708268 0.2153199 0.1415187 0.1399305 0.2015365 0.0951638 0.0886814 0.1127861 0.1057911 0.0786906 0.0800738 0.1257772 0.1127286 0.0790907 0.0899248 0.0874532 
Fasciolaria_bullis 0.0315477 0.0527860 0.0240446 0.0482560 0.0238548 0.0945001 0.0063413 0.0097671 0.0064900 0.0000000 0.0063347 0.0240808 0.0240808 0.0063249 0.0358405 0.0313712 0.0549751 0.0501927 0.0495500 0.0564034 0.0639899 0.2057151 0.1428577 0.1396453 0.1985672 0.1053428 0.0958779 0.1032934 0.0968578 0.0711175 0.0672454 0.1149345 0.0932991 0.0723121 0.0878240 0.0794530 
Aristofusus_excava 0.0322345 0.0540773 0.0245472 0.0494100 0.0243494 0.0856716 0.0098091 0.0166863 0.0134102 0.0063347 0.0000000 0.0131465 0.0131465 0.0097825 0.0320194 0.0276890 0.0432201 0.0387613 0.0373483 0.0486488 0.0518147 0.1921959 0.1250794 0.1274972 0.1767440 0.0909975 0.0804654 0.0895713 0.0835190 0.0577075 0.0629391 0.0981201 0.0843037 0.0646090 0.0725550 0.0707179 
Fusinus_salisburyi 0.0730112 0.0952292 0.0587203 0.0897868 0.0627713 0.0943821 0.0443337 0.0454652 0.0411838 0.0240808 0.0131465 0.0000000 0.0000010 0.0441916 0.0629004 0.0561970 0.0698138 0.0644059 0.0496355 0.0562937 0.0593420 0.2313282 0.1605728 0.1623594 0.2180450 0.1186335 0.1060513 0.1231193 0.1157795 0.1008774 0.0992910 0.1236714 0.1068276 0.0902326 0.1051617 0.1000984 
Fusinus_forceps    0.0730112 0.0952292 0.0587203 0.0897868 0.0627713 0.0943821 0.0443337 0.0454652 0.0411838 0.0240808 0.0131465 0.0000010 0.0000000 0.0441916 0.0629004 0.0561970 0.0698138 0.0644059 0.0496355 0.0562937 0.0593420 0.2313282 0.1605728 0.1623594 0.2180450 0.1186335 0.1060513 0.1231193 0.1157795 0.1008774 0.0992910 0.1236714 0.1068276 0.0902326 0.1051617 0.1000984 
Hemipolygona_armat 0.0359687 0.0582080 0.0242080 0.0486696 0.0279371 0.0885615 0.0063518 0.0165336 0.0131825 0.0063249 0.0097825 0.0441916 0.0441916 0.0000000 0.0316847 0.0314727 0.0504503 0.0458372 0.0478313 0.0517268 0.0592170 0.1975457 0.1377221 0.1462777 0.2065863 0.1061364 0.0901168 0.0975110 0.0912995 0.0659853 0.0618543 0.1085695 0.1051751 0.0717765 0.0821381 0.0741863 
Leucozonia_nassa   0.0758272 0.1054616 0.0602412 0.0924819 0.0650504 0.1195988 0.0406176 0.0450837 0.0411427 0.0358405 0.0320194 0.0629004 0.0629004 0.0316847 0.0000000 0.0468728 0.0746435 0.0690561 0.0607976 0.0873586 0.0848359 0.2005352 0.1410816 0.1745961 0.2522429 0.1144693 0.1055245 0.1073668 0.1005358 0.1036864 0.0777834 0.1072825 0.1336939 0.1112105 0.1080895 0.0869305 
Leucozonia_ocellat 0.0529537 0.0776759 0.0399053 0.0609532 0.0439923 0.1020938 0.0274835 0.0439723 0.0401408 0.0313712 0.0276890 0.0561970 0.0561970 0.0314727 0.0468728 0.0000000 0.0753191 0.0696531 0.0751058 0.0821101 0.0738746 0.1841120 0.1376169 0.1911977 0.2636746 0.1351967 0.1032527 0.0957482 0.0893850 0.0890825 0.0932729 0.1231663 0.1345343 0.1127619 0.0845619 0.0980957 
Buccinastrum_defor 0.0819050 0.0998350 0.0628894 0.0992008 0.0713141 0.0941244 0.0604740 0.0706741 0.0612287 0.0549751 0.0432201 0.0698138 0.0698138 0.0504503 0.0746435 0.0753191 0.0000000 0.0030765 0.0688178 0.0561738 0.0504943 0.1974940 0.1276827 0.1585525 0.2167723 0.1097553 0.0834525 0.0817271 0.0761012 0.0892161 0.0603444 0.1000984 0.1313634 0.0866832 0.1006519 0.0944829 
Buccinanops_cochli 0.0758856 0.0930214 0.0575517 0.0924373 0.0657445 0.0875609 0.0554058 0.0651784 0.0560897 0.0501927 0.0387613 0.0644059 0.0644059 0.0458372 0.0690561 0.0696531 0.0030765 0.0000000 0.0609170 0.0512429 0.0458782 0.1864924 0.1198337 0.1496135 0.2054622 0.1032390 0.0819083 0.0760480 0.0706762 0.0831219 0.0549736 0.0935867 0.1238280 0.0808533 0.0940954 0.0884925 
Japeuthria_ferrea  0.0862756 0.1107948 0.0708755 0.0868513 0.0781452 0.0432803 0.0628417 0.0720712 0.0514054 0.0495500 0.0373483 0.0496355 0.0496355 0.0478313 0.0607976 0.0751058 0.0688178 0.0609170 0.0000000 0.0698773 0.0743801 0.1213514 0.0804533 0.1834558 0.2078974 0.0814214 0.0680572 0.0670193 0.0670193 0.0728448 0.0784060 0.0873744 0.1308722 0.0822227 0.0565672 0.0531125 
Busycon_carica     0.0773532 0.0949650 0.0585889 0.0943573 0.0669540 0.0522790 0.0621218 0.0727181 0.0580828 0.0564034 0.0486488 0.0562937 0.0562937 0.0517268 0.0873586 0.0821101 0.0561738 0.0512429 0.0698773 0.0000000 0.0427740 0.2229834 0.1390365 0.1516407 0.2126405 0.0801123 0.0867818 0.1157235 0.1087421 0.0987756 0.0874187 0.1314436 0.1157079 0.0866832 0.0897850 0.0901392 
Fulguropsis_pyrulo 0.0927715 0.1057641 0.0678317 0.0970197 0.0763934 0.0859651 0.0699506 0.0807732 0.0708268 0.0639899 0.0518147 0.0593420 0.0593420 0.0592170 0.0848359 0.0738746 0.0504943 0.0458782 0.0743801 0.0427740 0.0000000 0.2201583 0.1679928 0.1728777 0.2208803 0.1116902 0.0754513 0.1112196 0.1046388 0.0884773 0.0904486 0.1211232 0.1272018 0.1015626 0.1054048 0.0901942 
Mitrella_scripta   0.2540132 0.2834213 0.2108315 0.2232046 0.2260140 0.2565067 0.2218916 0.2439050 0.2153199 0.2057151 0.1921959 0.2313282 0.2313282 0.1975457 0.2005352 0.1841120 0.1974940 0.1864924 0.1213514 0.2229834 0.2201583 0.0000000 0.0433846 0.1868264 0.1863674 0.1955457 0.2204243 0.2129827 0.2250351 0.2118013 0.2020729 0.2422139 0.2860196 0.2429782 0.2464473 0.1965492 
Mitrella_bicincta  0.1623322 0.1974940 0.1388588 0.1726367 0.1507507 0.1603578 0.1558776 0.1729533 0.1415187 0.1428577 0.1250794 0.1605728 0.1605728 0.1377221 0.1410816 0.1376169 0.1276827 0.1198337 0.0804533 0.1390365 0.1679928 0.0433846 0.0000000 0.1743936 0.1799122 0.1270672 0.1606068 0.1367038 0.1486664 0.1656389 0.1353336 0.1670808 0.2015246 0.1752216 0.1653817 0.1408640 
Dolicholatirus_lan 0.1882771 0.1745961 0.1546621 0.1812985 0.1596598 0.1794981 0.1654143 0.1737426 0.1399305 0.1396453 0.1274972 0.1623594 0.1623594 0.1462777 0.1745961 0.1911977 0.1585525 0.1496135 0.1834558 0.1516407 0.1728777 0.1868264 0.1743936 0.0000000 0.0422786 0.1374700 0.1522312 0.1955537 0.1850550 0.1877941 0.1574172 0.1778993 0.1578543 0.1445018 0.1586436 0.1400070 
Dolicholatirus_spi 0.2328849 0.2497890 0.1964022 0.2318119 0.2014227 0.2549894 0.2313234 0.2418709 0.2015365 0.1985672 0.1767440 0.2180450 0.2180450 0.2065863 0.2522429 0.2636746 0.2167723 0.2054622 0.2078974 0.2126405 0.2208803 0.1863674 0.1799122 0.0422786 0.0000000 0.1765768 0.2341206 0.2394098 0.2524644 0.2146521 0.2128561 0.2410056 0.2341542 0.2076239 0.2265328 0.2014869 
Manaria_kuroharai  0.1195191 0.1343729 0.1006362 0.1390976 0.1049220 0.0761206 0.1204632 0.1219831 0.0951638 0.1053428 0.0909975 0.1186335 0.1186335 0.1061364 0.1144693 0.1351967 0.1097553 0.1032390 0.0814214 0.0801123 0.1116902 0.1955457 0.1270672 0.1374700 0.1765768 0.0000000 0.0957651 0.1262768 0.1189353 0.1282800 0.1125588 0.1470241 0.1549957 0.1198149 0.1287025 0.0978564 
Melongena_melongen 0.1433406 0.1737334 0.1242084 0.1549957 0.1289118 0.0823360 0.1037792 0.1074758 0.0886814 0.0958779 0.0804654 0.1060513 0.1060513 0.0901168 0.1055245 0.1032527 0.0834525 0.0819083 0.0680572 0.0867818 0.0754513 0.2204243 0.1606068 0.1522312 0.2341206 0.0957651 0.0000000 0.1059935 0.0992921 0.1010942 0.1077478 0.1496217 0.1328895 0.1206820 0.0892440 0.0867818 
Nassarius_conoidal 0.1021438 0.1102152 0.0826382 0.1153220 0.0866728 0.0977773 0.1044800 0.1248154 0.1127861 0.1032934 0.0895713 0.1231193 0.1231193 0.0975110 0.1073668 0.0957482 0.0817271 0.0760480 0.0670193 0.1157235 0.1112196 0.2129827 0.1367038 0.1955537 0.2394098 0.1262768 0.1059935 0.0000000 0.0030765 0.0901487 0.0888058 0.1175860 0.1770464 0.1497194 0.0792420 0.0725543 
Nassarius_semisulc 0.1088809 0.1034159 0.0886650 0.1227169 0.0927992 0.0912447 0.0979265 0.1173387 0.1057911 0.0968578 0.0835190 0.1157795 0.1157795 0.0912995 0.1005358 0.0893850 0.0761012 0.0706762 0.0670193 0.1087421 0.1046388 0.2250351 0.1486664 0.1850550 0.2524644 0.1189353 0.0992921 0.0030765 0.0000000 0.0966538 0.0888058 0.1104358 0.1811467 0.1415761 0.0735638 0.0672325 
Antillophos_beauii 0.0764489 0.1017545 0.0622157 0.0857529 0.0718433 0.1208821 0.0776796 0.0814544 0.0786906 0.0711175 0.0577075 0.1008774 0.1008774 0.0659853 0.1036864 0.0890825 0.0892161 0.0831219 0.0728448 0.0987756 0.0884773 0.2118013 0.1656389 0.1877941 0.2146521 0.1282800 0.1010942 0.0901487 0.0966538 0.0000000 0.0893474 0.1236356 0.1401265 0.1317673 0.0855027 0.0770263 
Pisania_pusio      0.0792861 0.0931600 0.0646238 0.0873998 0.0690809 0.0942231 0.0740878 0.0916185 0.0800738 0.0672454 0.0629391 0.0992910 0.0992910 0.0618543 0.0777834 0.0932729 0.0603444 0.0549736 0.0784060 0.0874187 0.0904486 0.2020729 0.1353336 0.1574172 0.2128561 0.1125588 0.1077478 0.0888058 0.0888058 0.0893474 0.0000000 0.0291910 0.1128648 0.0822870 0.0835589 0.0648851 
Engina_mendicaria  0.1368855 0.1436001 0.1156922 0.1596469 0.1204419 0.1238491 0.1240979 0.1444881 0.1257772 0.1149345 0.0981201 0.1236714 0.1236714 0.1085695 0.1072825 0.1231663 0.1000984 0.0935867 0.0873744 0.1314436 0.1211232 0.2422139 0.1670808 0.1778993 0.2410056 0.1470241 0.1496217 0.1175860 0.1104358 0.1236356 0.0291910 0.0000000 0.1516307 0.1208037 0.0880362 0.0697411 
Clivipollia_pulchr 0.0859929 0.1336939 0.0840049 0.0941565 0.0830000 0.1316450 0.1055793 0.1236161 0.1127286 0.0932991 0.0843037 0.1068276 0.1068276 0.1051751 0.1336939 0.1345343 0.1313634 0.1238280 0.1308722 0.1157079 0.1272018 0.2860196 0.2015246 0.1578543 0.2341542 0.1549957 0.1328895 0.1770464 0.1811467 0.1401265 0.1128648 0.1516307 0.0000000 0.0955112 0.1495864 0.1171489 
Caducifer_decapita 0.1075933 0.1327946 0.0914659 0.1268666 0.0957292 0.1010858 0.0833143 0.0993612 0.0790907 0.0723121 0.0646090 0.0902326 0.0902326 0.0717765 0.1112105 0.1127619 0.0866832 0.0808533 0.0822227 0.0866832 0.1015626 0.2429782 0.1752216 0.1445018 0.2076239 0.1198149 0.1206820 0.1497194 0.1415761 0.1317673 0.0822870 0.1208037 0.0955112 0.0000000 0.0981528 0.1109531 
Euthria_cumulata   0.1059573 0.1266881 0.0893491 0.1258803 0.0937512 0.0645449 0.0888157 0.0992836 0.0899248 0.0878240 0.0725550 0.1051617 0.1051617 0.0821381 0.1080895 0.0845619 0.1006519 0.0940954 0.0565672 0.0897850 0.1054048 0.2464473 0.1653817 0.1586436 0.2265328 0.1287025 0.0892440 0.0792420 0.0735638 0.0855027 0.0835589 0.0880362 0.1495864 0.0981528 0.0000000 0.0351412 
Euthria_walleri    0.0961114 0.1139035 0.0823183 0.1143667 0.0865679 0.0715586 0.0863461 0.1032470 0.0874532 0.0794530 0.0707179 0.1000984 0.1000984 0.0741863 0.0869305 0.0980957 0.0944829 0.0884925 0.0531125 0.0901392 0.0901942 0.1965492 0.1408640 0.1400070 0.2014869 0.0978564 0.0867818 0.0725543 0.0672325 0.0770263 0.0648851 0.0697411 0.1171489 0.1109531 0.0351412 0.0000000 
