36
Peristernia_reinca 0.0000000 0.0353956 0.0000023 0.0162499 0.0000024 0.0984983 0.0316755 0.0487273 0.0401568 0.0315238 0.0321288 0.0726056 0.0726056 0.0358291 0.0749268 0.0535100 0.0809543 0.0750445 0.0877497 0.0761949 0.0906868 0.2645219 0.1674706 0.1912326 0.2379808 0.1198582 0.1465455 0.1040253 0.1109655 0.0739346 0.0784732 0.1348151 0.0865060 0.1062410 0.1061066 0.0960529 
Peristernia_gemmat 0.0353956 0.0000000 0.0098743 0.0355216 0.0202945 0.1233118 0.0529814 0.0729011 0.0629256 0.0526630 0.0537988 0.0953875 0.0953875 0.0578959 0.1044513 0.0786277 0.0989543 0.0921904 0.1139656 0.0937566 0.1042264 0.2966037 0.2046172 0.1775869 0.2578914 0.1348151 0.1798829 0.1129325 0.1057979 0.0989543 0.0921147 0.1403703 0.1342042 0.1322254 0.1276397 0.1142012 
Peristernia_nassat 0.0000023 0.0098743 0.0000000 0.0096758 0.0000021 0.0843956 0.0203472 0.0359820 0.0280961 0.0240308 0.0244742 0.0586583 0.0586583 0.0241367 0.0595139 0.0403042 0.0622649 0.0570299 0.0719758 0.0578308 0.0667707 0.2167542 0.1417334 0.1562130 0.1998926 0.1006470 0.1273205 0.0841667 0.0903423 0.0605338 0.0640872 0.1135141 0.0841667 0.0907100 0.0897893 0.0823218 
Peristernia_marque 0.0162499 0.0355216 0.0096758 0.0000000 0.0096134 0.1191476 0.0441354 0.0628506 0.0534690 0.0484454 0.0494731 0.0905381 0.0905381 0.0487274 0.0921290 0.0617091 0.0993805 0.0925779 0.0883010 0.0941577 0.0960534 0.2317918 0.1784781 0.1853069 0.2392239 0.1415707 0.1598802 0.1187981 0.1265803 0.0834736 0.0870128 0.1598802 0.0944874 0.1271439 0.1282421 0.1159994 
Peristernia_forska 0.0000024 0.0202945 0.0000021 0.0096134 0.0000000 0.0883205 0.0239709 0.0400094 0.0319311 0.0238663 0.0243035 0.0624333 0.0624333 0.0278649 0.0643008 0.0444635 0.0705117 0.0650561 0.0794304 0.0659943 0.0750977 0.2336250 0.1547212 0.1602988 0.2037119 0.1044131 0.1314062 0.0878677 0.0941053 0.0694899 0.0681654 0.1175526 0.0831791 0.0944860 0.0937575 0.0861615 
Serratifusus_linea 0.0984983 0.1233118 0.0843956 0.1191476 0.0883205 0.0000000 0.0970657 0.1179636 0.0921513 0.0962088 0.0865238 0.0966396 0.0966396 0.0897895 0.1209073 0.1038944 0.0949673 0.0883007 0.0441356 0.0527443 0.0868697 0.2651463 0.1638488 0.1824409 0.2613605 0.0759941 0.0833113 0.0984983 0.0918232 0.1209073 0.0954770 0.1248535 0.1363160 0.1023615 0.0648785 0.0726983 
Triplofusus_gigant 0.0316755 0.0529814 0.0203472 0.0441354 0.0239709 0.0970657 0.0000000 0.0095221 0.0063337 0.0063356 0.0097422 0.0439731 0.0439731 0.0063372 0.0399298 0.0275759 0.0600071 0.0550206 0.0635885 0.0617091 0.0686988 0.2280182 0.1591085 0.1679350 0.2374684 0.1225240 0.1051340 0.1044524 0.0978274 0.0753416 0.0737046 0.1215375 0.1062412 0.0825333 0.0875457 0.0851214 
Cinctura_hunteria  0.0487273 0.0729011 0.0359820 0.0628506 0.0400094 0.1179636 0.0095221 0.0000000 0.0031713 0.0096794 0.0165179 0.0445464 0.0445464 0.0164201 0.0445464 0.0439730 0.0696951 0.0643204 0.0718854 0.0717941 0.0788151 0.2496373 0.1758191 0.1784837 0.2512941 0.1247835 0.1085689 0.1242424 0.1166870 0.0788151 0.0908754 0.1413177 0.1242424 0.0982206 0.0976831 0.1015363 
Fasciolaria_tulipa 0.0401568 0.0629256 0.0280961 0.0534690 0.0319311 0.0921513 0.0063337 0.0031713 0.0000000 0.0064376 0.0133200 0.0406714 0.0406714 0.0131018 0.0406714 0.0401568 0.0611513 0.0560454 0.0514965 0.0576086 0.0700275 0.2209347 0.1439597 0.1428420 0.2083875 0.0968451 0.0897900 0.1138261 0.1066392 0.0768612 0.0798592 0.1242887 0.1138261 0.0782931 0.0894080 0.0868696 
Fasciolaria_bullis 0.0315238 0.0526630 0.0240308 0.0484454 0.0238663 0.0962088 0.0063356 0.0096794 0.0064376 0.0000000 0.0063141 0.0238079 0.0238079 0.0063156 0.0353451 0.0315238 0.0546981 0.0499783 0.0499077 0.0561768 0.0630376 0.2101374 0.1448938 0.1410863 0.2027138 0.1072164 0.0972604 0.1035672 0.0970399 0.0692238 0.0670996 0.1128560 0.0937271 0.0716159 0.0868460 0.0785525 
Aristofusus_excava 0.0321288 0.0537988 0.0244742 0.0494731 0.0243035 0.0865238 0.0097422 0.0165179 0.0133200 0.0063141 0.0000000 0.0130589 0.0130589 0.0097105 0.0313746 0.0276414 0.0429529 0.0385600 0.0374995 0.0481676 0.0509871 0.1931894 0.1255690 0.1281289 0.1805697 0.0918970 0.0816528 0.0896155 0.0835057 0.0566003 0.0625668 0.0964442 0.0848091 0.0643900 0.0718551 0.0700273 
Fusinus_salisburyi 0.0726056 0.0953875 0.0586583 0.0905381 0.0624333 0.0966396 0.0439731 0.0445464 0.0406714 0.0238079 0.0130589 0.0000000 0.0000010 0.0438119 0.0614713 0.0563092 0.0694271 0.0640789 0.0503439 0.0563092 0.0589792 0.2325167 0.1618161 0.1635314 0.2233240 0.1198582 0.1081051 0.1237049 0.1161958 0.0989543 0.0996160 0.1242424 0.1090780 0.0910600 0.1061066 0.1011137 
Fusinus_forceps    0.0726056 0.0953875 0.0586583 0.0905381 0.0624333 0.0966396 0.0439731 0.0445464 0.0406714 0.0238079 0.0130589 0.0000010 0.0000000 0.0438119 0.0614713 0.0563092 0.0694271 0.0640789 0.0503439 0.0563092 0.0589792 0.2325167 0.1618161 0.1635314 0.2233240 0.1198582 0.1081051 0.1237049 0.1161958 0.0989543 0.0996160 0.1242424 0.1090780 0.0910600 0.1061066 0.1011137 
Hemipolygona_armat 0.0358291 0.0578959 0.0241367 0.0487274 0.0278649 0.0897895 0.0063372 0.0164201 0.0131018 0.0063156 0.0097105 0.0438119 0.0438119 0.0000000 0.0311957 0.0315640 0.0500784 0.0455418 0.0484219 0.0513886 0.0581997 0.2020939 0.1400314 0.1479526 0.2111949 0.1076989 0.0910598 0.0974371 0.0911741 0.0640789 0.0615449 0.1062407 0.1057979 0.0710866 0.0809543 0.0731411 
Leucozonia_nassa   0.0749268 0.1044513 0.0595139 0.0921290 0.0643008 0.1209073 0.0399298 0.0445464 0.0406714 0.0353451 0.0313746 0.0614713 0.0614713 0.0311957 0.0000000 0.0466907 0.0739346 0.0684389 0.0606689 0.0857854 0.0831461 0.2043165 0.1430651 0.1775869 0.2578914 0.1187982 0.1065768 0.1076442 0.1006946 0.0989543 0.0771865 0.1044522 0.1342042 0.1095279 0.1061066 0.0861359 
Leucozonia_ocellat 0.0535100 0.0786277 0.0403042 0.0617091 0.0444635 0.1038944 0.0275759 0.0439730 0.0401568 0.0315238 0.0276414 0.0563092 0.0563092 0.0315640 0.0466907 0.0000000 0.0750445 0.0694271 0.0767089 0.0822472 0.0728627 0.1866335 0.1400314 0.1957742 0.2728811 0.1379346 0.1046784 0.0956570 0.0892404 0.0871818 0.0942140 0.1220033 0.1373206 0.1134179 0.0835917 0.0976831 
Buccinastrum_defor 0.0809543 0.0989543 0.0622649 0.0993805 0.0705117 0.0949673 0.0600071 0.0696951 0.0611513 0.0546981 0.0429529 0.0694271 0.0694271 0.0500784 0.0739346 0.0750445 0.0000000 0.0030739 0.0698924 0.0555531 0.0500784 0.2046172 0.1317674 0.1601173 0.2181643 0.1127214 0.0861359 0.0821790 0.0764703 0.0881770 0.0615449 0.1011137 0.1322497 0.0868425 0.1006946 0.0962772 
Buccinanops_cochli 0.0750445 0.0921904 0.0570299 0.0925779 0.0650561 0.0883007 0.0550206 0.0643204 0.0560454 0.0499783 0.0385600 0.0640789 0.0640789 0.0455418 0.0684389 0.0694271 0.0030739 0.0000000 0.0619158 0.0507238 0.0455418 0.1927724 0.1234387 0.1509031 0.2064630 0.1059409 0.0847798 0.0764703 0.0710290 0.0821790 0.0560713 0.0944871 0.1245901 0.0809988 0.0941051 0.0901330 
Japeuthria_ferrea  0.0877497 0.1139656 0.0719758 0.0883010 0.0794304 0.0441356 0.0635885 0.0718854 0.0514965 0.0499077 0.0374995 0.0503439 0.0503439 0.0484219 0.0606689 0.0767089 0.0698924 0.0619158 0.0000000 0.0714582 0.0767089 0.1237044 0.0817937 0.1859593 0.2137607 0.0817937 0.0675731 0.0684051 0.0684051 0.0731096 0.0800139 0.0892025 0.1354246 0.0841667 0.0579031 0.0544787 
Busycon_carica     0.0761949 0.0937566 0.0578308 0.0941577 0.0659943 0.0527443 0.0617091 0.0717941 0.0576086 0.0561768 0.0481676 0.0563092 0.0563092 0.0513886 0.0857854 0.0822472 0.0555531 0.0507238 0.0714582 0.0000000 0.0421987 0.2268034 0.1400314 0.1540020 0.2181643 0.0809988 0.0881958 0.1161958 0.1090780 0.0972715 0.0873737 0.1322254 0.1173217 0.0868425 0.0906868 0.0915306 
Fulguropsis_pyrulo 0.0906868 0.1042264 0.0667707 0.0960534 0.0750977 0.0868697 0.0686988 0.0788151 0.0700275 0.0630376 0.0509871 0.0589792 0.0589792 0.0581997 0.0831461 0.0728627 0.0500784 0.0455418 0.0767089 0.0421987 0.0000000 0.2233240 0.1711186 0.1725472 0.2252317 0.1127214 0.0765181 0.1122655 0.1055223 0.0865060 0.0910105 0.1220033 0.1275980 0.1010811 0.1057979 0.0915306 
Mitrella_scripta   0.2645219 0.2966037 0.2167542 0.2317918 0.2336250 0.2651463 0.2280182 0.2496373 0.2209347 0.2101374 0.1931894 0.2325167 0.2325167 0.2020939 0.2043165 0.1866335 0.2046172 0.1927724 0.1237044 0.2268034 0.2233240 0.0000000 0.0427213 0.1893538 0.1850365 0.1985006 0.2299353 0.2213531 0.2343956 0.2161542 0.2155521 0.2529054 0.2926573 0.2467806 0.2530460 0.2031173 
Mitrella_bicincta  0.1674706 0.2046172 0.1417334 0.1784781 0.1547212 0.1638488 0.1591085 0.1758191 0.1439597 0.1448938 0.1255690 0.1618161 0.1618161 0.1400314 0.1430651 0.1400314 0.1317674 0.1234387 0.0817937 0.1400314 0.1711186 0.0427213 0.0000000 0.1802378 0.1826494 0.1273800 0.1691816 0.1435487 0.1560922 0.1686664 0.1420377 0.1746182 0.2064630 0.1771890 0.1693021 0.1465945 
Dolicholatirus_lan 0.1912326 0.1775869 0.1562130 0.1853069 0.1602988 0.1824409 0.1679350 0.1784837 0.1428420 0.1410863 0.1281289 0.1635314 0.1635314 0.1479526 0.1775869 0.1957742 0.1601173 0.1509031 0.1859593 0.1540020 0.1725472 0.1893538 0.1802378 0.0000000 0.0421281 0.1401168 0.1544402 0.2004837 0.1893538 0.1936567 0.1568415 0.1771530 0.1568605 0.1426270 0.1601173 0.1401168 
Dolicholatirus_spi 0.2379808 0.2578914 0.1998926 0.2392239 0.2037119 0.2613605 0.2374684 0.2512941 0.2083875 0.2027138 0.1805697 0.2233240 0.2233240 0.2111949 0.2578914 0.2728811 0.2181643 0.2064630 0.2137607 0.2181643 0.2252317 0.1850365 0.1826494 0.0421281 0.0000000 0.1796683 0.2392239 0.2454872 0.2594222 0.2252317 0.2123606 0.2392239 0.2341601 0.2053326 0.2305965 0.2029112 
Manaria_kuroharai  0.1198582 0.1348151 0.1006470 0.1415707 0.1044131 0.0759941 0.1225240 0.1247835 0.0968451 0.1072164 0.0918970 0.1198582 0.1198582 0.1076989 0.1187982 0.1379346 0.1127214 0.1059409 0.0817937 0.0809988 0.1127214 0.1985006 0.1273800 0.1401168 0.1796683 0.0000000 0.0976831 0.1297497 0.1220033 0.1273800 0.1146153 0.1472890 0.1577992 0.1193075 0.1297497 0.0994903 
Melongena_melongen 0.1465455 0.1798829 0.1273205 0.1598802 0.1314062 0.0833113 0.1051340 0.1085689 0.0897900 0.0972604 0.0816528 0.1081051 0.1081051 0.0910598 0.1065768 0.1046784 0.0861359 0.0847798 0.0675731 0.0881958 0.0765181 0.2299353 0.1691816 0.1544402 0.2392239 0.0976831 0.0000000 0.1081051 0.1011137 0.1011137 0.1118202 0.1535299 0.1357849 0.1225238 0.0896005 0.0881958 
Nassarius_conoidal 0.1040253 0.1129325 0.0841667 0.1187981 0.0878677 0.0984983 0.1044524 0.1242424 0.1138261 0.1035672 0.0896155 0.1237049 0.1237049 0.0974371 0.1076442 0.0956570 0.0821790 0.0764703 0.0684051 0.1161958 0.1122655 0.2213531 0.1435487 0.2004837 0.2454872 0.1297497 0.1081051 0.0000000 0.0030739 0.0895857 0.0910105 0.1187982 0.1812449 0.1494729 0.0797088 0.0742219 
Nassarius_semisulc 0.1109655 0.1057979 0.0903423 0.1265803 0.0941053 0.0918232 0.0978274 0.1166870 0.1066392 0.0970399 0.0835057 0.1161958 0.1161958 0.0911741 0.1006946 0.0892404 0.0764703 0.0710290 0.0684051 0.1090780 0.1055223 0.2343956 0.1560922 0.1893538 0.2594222 0.1220033 0.1011137 0.0030739 0.0000000 0.0960598 0.0910105 0.1114323 0.1850365 0.1412055 0.0739346 0.0686987 
Antillophos_beauii 0.0739346 0.0989543 0.0605338 0.0834736 0.0694899 0.1209073 0.0753416 0.0788151 0.0768612 0.0692238 0.0566003 0.0989543 0.0989543 0.0640789 0.0989543 0.0871818 0.0881770 0.0821790 0.0731096 0.0972715 0.0865060 0.2161542 0.1686664 0.1936567 0.2252317 0.1273800 0.1011137 0.0895857 0.0960598 0.0000000 0.0888883 0.1210021 0.1377184 0.1304199 0.0835917 0.0753414 
Pisania_pusio      0.0784732 0.0921147 0.0640872 0.0870128 0.0681654 0.0954770 0.0737046 0.0908754 0.0798592 0.0670996 0.0625668 0.0996160 0.0996160 0.0615449 0.0771865 0.0942140 0.0615449 0.0560713 0.0800139 0.0873737 0.0910105 0.2155521 0.1420377 0.1568415 0.2123606 0.1146153 0.1118202 0.0910105 0.0910105 0.0888883 0.0000000 0.0292599 0.1127515 0.0825961 0.0836408 0.0655355 
Engina_mendicaria  0.1348151 0.1403703 0.1135141 0.1598802 0.1175526 0.1248535 0.1215375 0.1413177 0.1242887 0.1128560 0.0964442 0.1242424 0.1242424 0.1062407 0.1044522 0.1220033 0.1011137 0.0944871 0.0892025 0.1322254 0.1220033 0.2529054 0.1746182 0.1771530 0.2392239 0.1472890 0.1535299 0.1187982 0.1114323 0.1210021 0.0292599 0.0000000 0.1525827 0.1215380 0.0875449 0.0699651 
Clivipollia_pulchr 0.0865060 0.1342042 0.0841667 0.0944874 0.0831791 0.1363160 0.1062412 0.1242424 0.1138261 0.0937271 0.0848091 0.1090780 0.1090780 0.1057979 0.1342042 0.1373206 0.1322497 0.1245901 0.1354246 0.1173217 0.1275980 0.2926573 0.2064630 0.1568605 0.2341601 0.1577992 0.1357849 0.1812449 0.1850365 0.1377184 0.1127515 0.1525827 0.0000000 0.0960531 0.1518825 0.1178003 
Caducifer_decapita 0.1062410 0.1322254 0.0907100 0.1271439 0.0944860 0.1023615 0.0825333 0.0982206 0.0782931 0.0716159 0.0643900 0.0910600 0.0910600 0.0710866 0.1095279 0.1134179 0.0868425 0.0809988 0.0841667 0.0868425 0.1010811 0.2467806 0.1771890 0.1426270 0.2053326 0.1193075 0.1225238 0.1494729 0.1412055 0.1304199 0.0825961 0.1215380 0.0960531 0.0000000 0.0978274 0.1112989 
Euthria_cumulata   0.1061066 0.1276397 0.0897893 0.1282421 0.0937575 0.0648785 0.0875457 0.0976831 0.0894080 0.0868460 0.0718551 0.1061066 0.1061066 0.0809543 0.1061066 0.0835917 0.1006946 0.0941051 0.0579031 0.0906868 0.1057979 0.2530460 0.1693021 0.1601173 0.2305965 0.1297497 0.0896005 0.0797088 0.0739346 0.0835917 0.0836408 0.0875449 0.1518825 0.0978274 0.0000000 0.0350967 
Euthria_walleri    0.0960529 0.1142012 0.0823218 0.1159994 0.0861615 0.0726983 0.0851214 0.1015363 0.0868696 0.0785525 0.0700273 0.1011137 0.1011137 0.0731411 0.0861359 0.0976831 0.0962772 0.0901330 0.0544787 0.0915306 0.0915306 0.2031173 0.1465945 0.1401168 0.2029112 0.0994903 0.0881958 0.0742219 0.0686987 0.0753414 0.0655355 0.0699651 0.1178003 0.1112989 0.0350967 0.0000000 
